0.000,"Info","2001-04-16 00:49:39","Service 'E_ymaze_droso' : Execution start"
0.000,"Info","Subject Identification","Y042"
0.000,"Info","Apparatus","Zantiks Unit"
0.000,"Info","Unit ID","0107D3"
"TIME","","","ARENA","ACTION","ZONE"
601.363,"Info","Arena",1,"Enter_Zone",2
601.363,"Info","Arena",2,"Enter_Zone",1
601.363,"Info","Arena",3,"Enter_Zone",3
601.363,"Info","Arena",4,"Enter_Zone",1
601.363,"Info","Arena",6,"Enter_Zone",4
601.363,"Info","Arena",7,"Enter_Zone",3
601.363,"Info","Arena",8,"Enter_Zone",3
601.363,"Info","Arena",9,"Enter_Zone",4
601.363,"Info","Arena",11,"Enter_Zone",1
601.363,"Info","Arena",12,"Enter_Zone",2
601.363,"Info","Arena",13,"Enter_Zone",3
601.363,"Info","Arena",14,"Enter_Zone",3
612.028,"Info","Arena",6,"Exit_Zone",4
612.028,"Info","Arena",6,"Enter_Zone",1
618.460,"Info","Arena",6,"Exit_Zone",1
618.460,"Info","Arena",6,"Enter_Zone",4
621.126,"Info","Arena",6,"Exit_Zone",4
621.126,"Info","Arena",6,"Enter_Zone",3
623.994,"Info","Arena",11,"Exit_Zone",1
623.994,"Info","Arena",11,"Enter_Zone",4
624.025,"Info","Arena",11,"Exit_Zone",4
624.025,"Info","Arena",11,"Enter_Zone",1
624.225,"Info","Arena",11,"Exit_Zone",1
624.225,"Info","Arena",11,"Enter_Zone",4
624.425,"Info","Arena",11,"Exit_Zone",4
624.425,"Info","Arena",11,"Enter_Zone",1
624.458,"Info","Arena",11,"Exit_Zone",1
624.458,"Info","Arena",11,"Enter_Zone",4
624.494,"Info","Arena",11,"Exit_Zone",4
624.494,"Info","Arena",11,"Enter_Zone",1
624.525,"Info","Arena",11,"Exit_Zone",1
624.525,"Info","Arena",11,"Enter_Zone",4
624.892,"Info","Arena",11,"Exit_Zone",4
624.892,"Info","Arena",11,"Enter_Zone",1
625.327,"Info","Arena",11,"Exit_Zone",1
625.327,"Info","Arena",11,"Enter_Zone",4
625.358,"Info","Arena",11,"Exit_Zone",4
625.358,"Info","Arena",11,"Enter_Zone",1
627.025,"Info","Arena",11,"Exit_Zone",1
627.025,"Info","Arena",11,"Enter_Zone",4
627.091,"Info","Arena",11,"Exit_Zone",4
627.091,"Info","Arena",11,"Enter_Zone",1
627.125,"Info","Arena",11,"Exit_Zone",1
627.125,"Info","Arena",11,"Enter_Zone",4
627.225,"Info","Arena",11,"Exit_Zone",4
627.225,"Info","Arena",11,"Enter_Zone",1
627.258,"Info","Arena",11,"Exit_Zone",1
627.258,"Info","Arena",11,"Enter_Zone",4
627.291,"Info","Arena",11,"Exit_Zone",4
627.291,"Info","Arena",11,"Enter_Zone",1
627.326,"Info","Arena",11,"Exit_Zone",1
627.326,"Info","Arena",11,"Enter_Zone",4
627.358,"Info","Arena",11,"Exit_Zone",4
627.358,"Info","Arena",11,"Enter_Zone",1
627.425,"Info","Arena",11,"Exit_Zone",1
627.425,"Info","Arena",11,"Enter_Zone",4
627.558,"Info","Arena",11,"Exit_Zone",4
627.558,"Info","Arena",11,"Enter_Zone",1
627.591,"Info","Arena",11,"Exit_Zone",1
627.591,"Info","Arena",11,"Enter_Zone",4
627.724,"Info","Arena",11,"Exit_Zone",4
627.724,"Info","Arena",11,"Enter_Zone",1
627.758,"Info","Arena",11,"Exit_Zone",1
627.758,"Info","Arena",11,"Enter_Zone",4
627.826,"Info","Arena",11,"Exit_Zone",4
627.826,"Info","Arena",11,"Enter_Zone",1
627.891,"Info","Arena",11,"Exit_Zone",1
627.891,"Info","Arena",11,"Enter_Zone",4
627.993,"Info","Arena",11,"Exit_Zone",4
627.993,"Info","Arena",11,"Enter_Zone",1
628.160,"Info","Arena",11,"Exit_Zone",1
628.160,"Info","Arena",11,"Enter_Zone",4
628.358,"Info","Arena",11,"Exit_Zone",4
628.358,"Info","Arena",11,"Enter_Zone",1
628.391,"Info","Arena",11,"Exit_Zone",1
628.391,"Info","Arena",11,"Enter_Zone",4
628.424,"Info","Arena",11,"Exit_Zone",4
628.424,"Info","Arena",11,"Enter_Zone",1
628.493,"Info","Arena",11,"Exit_Zone",1
628.493,"Info","Arena",11,"Enter_Zone",4
628.591,"Info","Arena",11,"Exit_Zone",4
628.591,"Info","Arena",11,"Enter_Zone",1
628.660,"Info","Arena",11,"Exit_Zone",1
628.660,"Info","Arena",11,"Enter_Zone",4
628.691,"Info","Arena",11,"Exit_Zone",4
628.691,"Info","Arena",11,"Enter_Zone",1
628.758,"Info","Arena",11,"Exit_Zone",1
628.758,"Info","Arena",11,"Enter_Zone",4
628.891,"Info","Arena",11,"Exit_Zone",4
628.891,"Info","Arena",11,"Enter_Zone",1
628.958,"Info","Arena",11,"Exit_Zone",1
628.958,"Info","Arena",11,"Enter_Zone",4
628.993,"Info","Arena",11,"Exit_Zone",4
628.993,"Info","Arena",11,"Enter_Zone",1
629.124,"Info","Arena",11,"Exit_Zone",1
629.124,"Info","Arena",11,"Enter_Zone",4
629.257,"Info","Arena",11,"Exit_Zone",4
629.257,"Info","Arena",11,"Enter_Zone",1
629.291,"Info","Arena",11,"Exit_Zone",1
629.291,"Info","Arena",11,"Enter_Zone",4
629.357,"Info","Arena",11,"Exit_Zone",4
629.357,"Info","Arena",11,"Enter_Zone",1
629.391,"Info","Arena",11,"Exit_Zone",1
629.391,"Info","Arena",11,"Enter_Zone",4
629.457,"Info","Arena",11,"Exit_Zone",4
629.457,"Info","Arena",11,"Enter_Zone",1
629.493,"Info","Arena",11,"Exit_Zone",1
629.493,"Info","Arena",11,"Enter_Zone",4
629.591,"Info","Arena",11,"Exit_Zone",4
629.591,"Info","Arena",11,"Enter_Zone",1
629.791,"Info","Arena",11,"Exit_Zone",1
629.791,"Info","Arena",11,"Enter_Zone",4
629.826,"Info","Arena",11,"Exit_Zone",4
629.826,"Info","Arena",11,"Enter_Zone",1
630.558,"Info","Arena",11,"Exit_Zone",1
630.558,"Info","Arena",11,"Enter_Zone",4
630.624,"Info","Arena",6,"Exit_Zone",3
630.624,"Info","Arena",6,"Enter_Zone",4
633.159,"Info","Arena",6,"Exit_Zone",4
633.159,"Info","Arena",6,"Enter_Zone",2
648.489,"Info","Arena",6,"Exit_Zone",2
648.489,"Info","Arena",6,"Enter_Zone",4
648.521,"Info","Arena",6,"Exit_Zone",4
648.521,"Info","Arena",6,"Enter_Zone",2
648.787,"Info","Arena",6,"Exit_Zone",2
648.787,"Info","Arena",6,"Enter_Zone",4
655.686,"Info","Arena",6,"Exit_Zone",4
655.686,"Info","Arena",6,"Enter_Zone",3
668.516,"Info","Arena",6,"Exit_Zone",3
668.516,"Info","Arena",6,"Enter_Zone",4
674.049,"Info","Arena",6,"Exit_Zone",4
674.049,"Info","Arena",6,"Enter_Zone",1
683.347,"Info","Arena",12,"Exit_Zone",2
683.347,"Info","Arena",12,"Enter_Zone",4
683.780,"Info","Arena",12,"Exit_Zone",4
683.780,"Info","Arena",12,"Enter_Zone",2
683.847,"Info","Arena",12,"Exit_Zone",2
683.847,"Info","Arena",12,"Enter_Zone",4
683.880,"Info","Arena",12,"Exit_Zone",4
683.880,"Info","Arena",12,"Enter_Zone",2
683.913,"Info","Arena",12,"Exit_Zone",2
683.913,"Info","Arena",12,"Enter_Zone",4
683.982,"Info","Arena",12,"Exit_Zone",4
683.982,"Info","Arena",12,"Enter_Zone",2
684.246,"Info","Arena",14,"Exit_Zone",3
684.246,"Info","Arena",14,"Enter_Zone",4
688.279,"Info","Arena",14,"Exit_Zone",4
688.279,"Info","Arena",14,"Enter_Zone",1
688.846,"Info","Arena",6,"Exit_Zone",1
688.846,"Info","Arena",6,"Enter_Zone",4
690.012,"Info","Arena",12,"Exit_Zone",2
690.012,"Info","Arena",12,"Enter_Zone",4
690.045,"Info","Arena",12,"Exit_Zone",4
690.045,"Info","Arena",12,"Enter_Zone",2
690.112,"Info","Arena",12,"Exit_Zone",2
690.112,"Info","Arena",12,"Enter_Zone",4
690.179,"Info","Arena",12,"Exit_Zone",4
690.179,"Info","Arena",12,"Enter_Zone",2
690.212,"Info","Arena",12,"Exit_Zone",2
690.212,"Info","Arena",12,"Enter_Zone",4
690.245,"Info","Arena",12,"Exit_Zone",4
690.245,"Info","Arena",12,"Enter_Zone",2
693.678,"Info","Arena",6,"Exit_Zone",4
693.678,"Info","Arena",6,"Enter_Zone",3
697.944,"Info","Arena",14,"Exit_Zone",1
697.944,"Info","Arena",14,"Enter_Zone",4
698.077,"Info","Arena",12,"Exit_Zone",2
698.077,"Info","Arena",12,"Enter_Zone",4
703.509,"Info","Arena",14,"Exit_Zone",4
703.509,"Info","Arena",14,"Enter_Zone",2
707.144,"Info","Arena",6,"Exit_Zone",3
707.144,"Info","Arena",6,"Enter_Zone",4
714.874,"Info","Arena",14,"Exit_Zone",2
714.874,"Info","Arena",14,"Enter_Zone",4
720.206,"Info","Arena",14,"Exit_Zone",4
720.206,"Info","Arena",14,"Enter_Zone",3
721.874,"Info","Arena",6,"Exit_Zone",4
721.874,"Info","Arena",6,"Enter_Zone",2
727.275,"Info","Arena",6,"Exit_Zone",2
727.275,"Info","Arena",6,"Enter_Zone",4
728.338,"Info","Arena",15,"Enter_Zone",1
728.371,"Info","Arena",5,"Enter_Zone",3
728.371,"Info","Arena",10,"Enter_Zone",3
728.404,"Info","Arena",15,"Exit_Zone",1
728.404,"Info","Arena",15,"Enter_Zone",2
728.473,"Info","Arena",15,"Exit_Zone",2
728.473,"Info","Arena",15,"Enter_Zone",3
728.504,"Info","Arena",10,"Exit_Zone",3
728.504,"Info","Arena",10,"Enter_Zone",2
728.538,"Info","Arena",10,"Exit_Zone",2
728.538,"Info","Arena",10,"Enter_Zone",1
728.538,"Info","Arena",15,"Exit_Zone",3
728.538,"Info","Arena",15,"Enter_Zone",1
728.571,"Info","Arena",5,"Exit_Zone",3
728.571,"Info","Arena",5,"Enter_Zone",2
728.604,"Info","Arena",15,"Exit_Zone",1
728.604,"Info","Arena",15,"Enter_Zone",4
728.640,"Info","Arena",5,"Exit_Zone",2
728.640,"Info","Arena",5,"Enter_Zone",3
728.671,"Info","Arena",15,"Exit_Zone",4
728.671,"Info","Arena",15,"Enter_Zone",1
728.704,"Info","Arena",10,"Exit_Zone",1
728.704,"Info","Arena",10,"Enter_Zone",2
728.738,"Info","Arena",5,"Exit_Zone",3
728.738,"Info","Arena",5,"Enter_Zone",2
728.738,"Info","Arena",10,"Exit_Zone",2
728.738,"Info","Arena",10,"Enter_Zone",1
728.771,"Info","Arena",5,"Exit_Zone",2
728.771,"Info","Arena",5,"Enter_Zone",3
728.806,"Info","Arena",15,"Exit_Zone",1
728.806,"Info","Arena",15,"Enter_Zone",3
733.805,"Info","Arena",6,"Exit_Zone",4
733.805,"Info","Arena",6,"Enter_Zone",3
748.400,"Info","Arena",6,"Exit_Zone",3
748.400,"Info","Arena",6,"Enter_Zone",4
753.166,"Info","Arena",6,"Exit_Zone",4
753.166,"Info","Arena",6,"Enter_Zone",1
762.864,"Info","Arena",6,"Exit_Zone",1
762.864,"Info","Arena",6,"Enter_Zone",4
764.830,"Info","Arena",6,"Exit_Zone",4
764.830,"Info","Arena",6,"Enter_Zone",3
771.596,"Info","Arena",6,"Exit_Zone",3
771.596,"Info","Arena",6,"Enter_Zone",4
774.029,"Info","Arena",6,"Exit_Zone",4
774.029,"Info","Arena",6,"Enter_Zone",2
777.928,"Info","Arena",6,"Exit_Zone",2
777.928,"Info","Arena",6,"Enter_Zone",4
779.761,"Info","Arena",6,"Exit_Zone",4
779.761,"Info","Arena",6,"Enter_Zone",1
790.692,"Info","Arena",6,"Exit_Zone",1
790.692,"Info","Arena",6,"Enter_Zone",4
796.293,"Info","Arena",6,"Exit_Zone",4
796.293,"Info","Arena",6,"Enter_Zone",3
803.190,"Info","Arena",6,"Exit_Zone",3
803.190,"Info","Arena",6,"Enter_Zone",4
809.856,"Info","Arena",6,"Exit_Zone",4
809.856,"Info","Arena",6,"Enter_Zone",1
810.957,"Info","Arena",7,"Exit_Zone",3
810.957,"Info","Arena",7,"Enter_Zone",4
819.653,"Info","Arena",6,"Exit_Zone",1
819.653,"Info","Arena",6,"Enter_Zone",4
825.152,"Info","Arena",6,"Exit_Zone",4
825.152,"Info","Arena",6,"Enter_Zone",3
828.418,"Info","Arena",7,"Exit_Zone",4
828.418,"Info","Arena",7,"Enter_Zone",2
831.119,"Info","Arena",6,"Exit_Zone",3
831.119,"Info","Arena",6,"Enter_Zone",4
833.952,"Info","Arena",6,"Exit_Zone",4
833.952,"Info","Arena",6,"Enter_Zone",1
842.784,"Info","Arena",6,"Exit_Zone",1
842.784,"Info","Arena",6,"Enter_Zone",4
844.783,"Info","Arena",6,"Exit_Zone",4
844.783,"Info","Arena",6,"Enter_Zone",2
848.914,"Info","Arena",6,"Exit_Zone",2
848.914,"Info","Arena",6,"Enter_Zone",4
854.813,"Info","Arena",6,"Exit_Zone",4
854.813,"Info","Arena",6,"Enter_Zone",3
859.878,"Info","Arena",6,"Exit_Zone",3
859.878,"Info","Arena",6,"Enter_Zone",4
861.311,"Info","Arena",6,"Exit_Zone",4
861.311,"Info","Arena",6,"Enter_Zone",1
865.510,"Info","Arena",7,"Exit_Zone",2
865.510,"Info","Arena",7,"Enter_Zone",4
868.210,"Info","Arena",6,"Exit_Zone",1
868.210,"Info","Arena",6,"Enter_Zone",4
870.909,"Info","Arena",7,"Exit_Zone",4
870.909,"Info","Arena",7,"Enter_Zone",1
872.509,"Info","Arena",6,"Exit_Zone",4
872.509,"Info","Arena",6,"Enter_Zone",3
877.208,"Info","Arena",6,"Exit_Zone",3
877.208,"Info","Arena",6,"Enter_Zone",4
880.641,"Info","Arena",6,"Exit_Zone",4
880.641,"Info","Arena",6,"Enter_Zone",2
884.775,"Info","Arena",7,"Exit_Zone",1
884.775,"Info","Arena",7,"Enter_Zone",4
885.340,"Info","Arena",6,"Exit_Zone",2
885.340,"Info","Arena",6,"Enter_Zone",4
886.841,"Info","Arena",6,"Exit_Zone",4
886.841,"Info","Arena",6,"Enter_Zone",1
889.206,"Info","Arena",7,"Exit_Zone",4
889.206,"Info","Arena",7,"Enter_Zone",3
895.138,"Info","Arena",6,"Exit_Zone",1
895.138,"Info","Arena",6,"Enter_Zone",4
898.037,"Info","Arena",6,"Exit_Zone",4
898.037,"Info","Arena",6,"Enter_Zone",3
904.503,"Info","Arena",6,"Exit_Zone",3
904.503,"Info","Arena",6,"Enter_Zone",4
906.937,"Info","Arena",6,"Exit_Zone",4
906.937,"Info","Arena",6,"Enter_Zone",2
909.568,"Info","Arena",7,"Exit_Zone",3
909.568,"Info","Arena",7,"Enter_Zone",4
912.334,"Info","Arena",6,"Exit_Zone",2
912.334,"Info","Arena",6,"Enter_Zone",4
917.067,"Info","Arena",6,"Exit_Zone",4
917.067,"Info","Arena",6,"Enter_Zone",1
920.601,"Info","Arena",7,"Exit_Zone",4
920.601,"Info","Arena",7,"Enter_Zone",1
928.864,"Info","Arena",6,"Exit_Zone",1
928.864,"Info","Arena",6,"Enter_Zone",4
930.697,"Info","Arena",6,"Exit_Zone",4
930.697,"Info","Arena",6,"Enter_Zone",2
934.297,"Info","Arena",7,"Exit_Zone",1
934.297,"Info","Arena",7,"Enter_Zone",4
940.029,"Info","Arena",6,"Exit_Zone",2
940.029,"Info","Arena",6,"Enter_Zone",4
944.228,"Info","Arena",7,"Exit_Zone",4
944.228,"Info","Arena",7,"Enter_Zone",2
944.995,"Info","Arena",6,"Exit_Zone",4
944.995,"Info","Arena",6,"Enter_Zone",3
947.228,"Info","Arena",12,"Exit_Zone",4
947.228,"Info","Arena",12,"Enter_Zone",3
951.160,"Info","Arena",7,"Exit_Zone",2
951.160,"Info","Arena",7,"Enter_Zone",4
952.360,"Info","Arena",6,"Exit_Zone",3
952.360,"Info","Arena",6,"Enter_Zone",4
953.762,"Info","Arena",6,"Exit_Zone",4
953.762,"Info","Arena",6,"Enter_Zone",1
954.193,"Info","Arena",7,"Exit_Zone",4
954.193,"Info","Arena",7,"Enter_Zone",3
967.157,"Info","Arena",6,"Exit_Zone",1
967.157,"Info","Arena",6,"Enter_Zone",4
972.758,"Info","Arena",6,"Exit_Zone",4
972.758,"Info","Arena",6,"Enter_Zone",3
977.855,"Info","Arena",7,"Exit_Zone",3
977.855,"Info","Arena",7,"Enter_Zone",4
979.988,"Info","Arena",6,"Exit_Zone",3
979.988,"Info","Arena",6,"Enter_Zone",4
981.387,"Info","Arena",7,"Exit_Zone",4
981.387,"Info","Arena",7,"Enter_Zone",2
985.453,"Info","Arena",6,"Exit_Zone",4
985.453,"Info","Arena",6,"Enter_Zone",1
988.786,"Info","Arena",7,"Exit_Zone",2
988.786,"Info","Arena",7,"Enter_Zone",4
991.452,"Info","Arena",7,"Exit_Zone",4
991.452,"Info","Arena",7,"Enter_Zone",3
993.152,"Info","Arena",6,"Exit_Zone",1
993.152,"Info","Arena",6,"Enter_Zone",4
993.420,"Info","Arena",6,"Exit_Zone",4
993.420,"Info","Arena",6,"Enter_Zone",1
993.452,"Info","Arena",6,"Exit_Zone",1
993.452,"Info","Arena",6,"Enter_Zone",4
995.818,"Info","Arena",6,"Exit_Zone",4
995.818,"Info","Arena",6,"Enter_Zone",2
1002.950,"Info","Arena",6,"Exit_Zone",2
1002.950,"Info","Arena",6,"Enter_Zone",4
1003.650,"Info","Arena",7,"Exit_Zone",3
1003.650,"Info","Arena",7,"Enter_Zone",4
1005.616,"Info","Arena",6,"Exit_Zone",4
1005.616,"Info","Arena",6,"Enter_Zone",3
1011.083,"Info","Arena",6,"Exit_Zone",3
1011.083,"Info","Arena",6,"Enter_Zone",4
1016.447,"Info","Arena",6,"Exit_Zone",4
1016.447,"Info","Arena",6,"Enter_Zone",1
1016.480,"Info","Arena",6,"Exit_Zone",1
1016.480,"Info","Arena",6,"Enter_Zone",4
1016.547,"Info","Arena",6,"Exit_Zone",4
1016.547,"Info","Arena",6,"Enter_Zone",1
1016.614,"Info","Arena",6,"Exit_Zone",1
1016.614,"Info","Arena",6,"Enter_Zone",4
1016.680,"Info","Arena",6,"Exit_Zone",4
1016.680,"Info","Arena",6,"Enter_Zone",1
1017.147,"Info","Arena",7,"Exit_Zone",4
1017.147,"Info","Arena",7,"Enter_Zone",1
1022.248,"Info","Arena",6,"Exit_Zone",1
1022.248,"Info","Arena",6,"Enter_Zone",4
1023.914,"Info","Arena",6,"Exit_Zone",4
1023.914,"Info","Arena",6,"Enter_Zone",3
1027.445,"Info","Arena",7,"Exit_Zone",1
1027.445,"Info","Arena",7,"Enter_Zone",4
1028.211,"Info","Arena",7,"Exit_Zone",4
1028.211,"Info","Arena",7,"Enter_Zone",1
1028.247,"Info","Arena",7,"Exit_Zone",1
1028.247,"Info","Arena",7,"Enter_Zone",4
1028.445,"Info","Arena",7,"Exit_Zone",4
1028.445,"Info","Arena",7,"Enter_Zone",1
1028.478,"Info","Arena",7,"Exit_Zone",1
1028.478,"Info","Arena",7,"Enter_Zone",4
1028.512,"Info","Arena",7,"Exit_Zone",4
1028.512,"Info","Arena",7,"Enter_Zone",1
1028.545,"Info","Arena",7,"Exit_Zone",1
1028.545,"Info","Arena",7,"Enter_Zone",4
1028.611,"Info","Arena",7,"Exit_Zone",4
1028.611,"Info","Arena",7,"Enter_Zone",1
1028.645,"Info","Arena",7,"Exit_Zone",1
1028.645,"Info","Arena",7,"Enter_Zone",4
1028.878,"Info","Arena",7,"Exit_Zone",4
1028.878,"Info","Arena",7,"Enter_Zone",1
1028.945,"Info","Arena",7,"Exit_Zone",1
1028.945,"Info","Arena",7,"Enter_Zone",4
1029.080,"Info","Arena",7,"Exit_Zone",4
1029.080,"Info","Arena",7,"Enter_Zone",1
1029.112,"Info","Arena",7,"Exit_Zone",1
1029.112,"Info","Arena",7,"Enter_Zone",4
1029.211,"Info","Arena",7,"Exit_Zone",4
1029.211,"Info","Arena",7,"Enter_Zone",1
1029.278,"Info","Arena",7,"Exit_Zone",1
1029.278,"Info","Arena",7,"Enter_Zone",4
1029.311,"Info","Arena",7,"Exit_Zone",4
1029.311,"Info","Arena",7,"Enter_Zone",1
1029.378,"Info","Arena",7,"Exit_Zone",1
1029.378,"Info","Arena",7,"Enter_Zone",4
1029.580,"Info","Arena",7,"Exit_Zone",4
1029.580,"Info","Arena",7,"Enter_Zone",1
1030.311,"Info","Arena",6,"Exit_Zone",3
1030.311,"Info","Arena",6,"Enter_Zone",4
1035.543,"Info","Arena",7,"Exit_Zone",1
1035.543,"Info","Arena",7,"Enter_Zone",4
1036.143,"Info","Arena",6,"Exit_Zone",4
1036.143,"Info","Arena",6,"Enter_Zone",2
1043.508,"Info","Arena",6,"Exit_Zone",2
1043.508,"Info","Arena",6,"Enter_Zone",4
1045.008,"Info","Arena",7,"Exit_Zone",4
1045.008,"Info","Arena",7,"Enter_Zone",2
1045.743,"Info","Arena",6,"Exit_Zone",4
1045.743,"Info","Arena",6,"Enter_Zone",3
1051.841,"Info","Arena",7,"Exit_Zone",2
1051.841,"Info","Arena",7,"Enter_Zone",4
1061.105,"Info","Arena",6,"Exit_Zone",3
1061.105,"Info","Arena",6,"Enter_Zone",4
1062.938,"Info","Arena",6,"Exit_Zone",4
1062.938,"Info","Arena",6,"Enter_Zone",2
1065.276,"Info","Arena",7,"Exit_Zone",4
1065.276,"Info","Arena",7,"Enter_Zone",3
1074.136,"Info","Arena",7,"Exit_Zone",3
1074.136,"Info","Arena",7,"Enter_Zone",4
1076.502,"Info","Arena",7,"Exit_Zone",4
1076.502,"Info","Arena",7,"Enter_Zone",1
1081.736,"Info","Arena",6,"Exit_Zone",2
1081.736,"Info","Arena",6,"Enter_Zone",4
1085.133,"Info","Arena",6,"Exit_Zone",4
1085.133,"Info","Arena",6,"Enter_Zone",3
1085.300,"Info","Arena",7,"Exit_Zone",1
1085.300,"Info","Arena",7,"Enter_Zone",4
1093.598,"Info","Arena",7,"Exit_Zone",4
1093.598,"Info","Arena",7,"Enter_Zone",2
1095.567,"Info","Arena",12,"Exit_Zone",3
1095.567,"Info","Arena",12,"Enter_Zone",4
1098.931,"Info","Arena",12,"Exit_Zone",4
1098.931,"Info","Arena",12,"Enter_Zone",2
1099.097,"Info","Arena",7,"Exit_Zone",2
1099.097,"Info","Arena",7,"Enter_Zone",4
1101.232,"Info","Arena",7,"Exit_Zone",4
1101.232,"Info","Arena",7,"Enter_Zone",3
1104.096,"Info","Arena",6,"Exit_Zone",3
1104.096,"Info","Arena",6,"Enter_Zone",4
1108.397,"Info","Arena",7,"Exit_Zone",3
1108.397,"Info","Arena",7,"Enter_Zone",4
1108.495,"Info","Arena",7,"Exit_Zone",4
1108.495,"Info","Arena",7,"Enter_Zone",3
1108.529,"Info","Arena",7,"Exit_Zone",3
1108.529,"Info","Arena",7,"Enter_Zone",4
1108.595,"Info","Arena",7,"Exit_Zone",4
1108.595,"Info","Arena",7,"Enter_Zone",3
1108.629,"Info","Arena",7,"Exit_Zone",3
1108.629,"Info","Arena",7,"Enter_Zone",4
1112.063,"Info","Arena",6,"Exit_Zone",4
1112.063,"Info","Arena",6,"Enter_Zone",2
1112.661,"Info","Arena",7,"Exit_Zone",4
1112.661,"Info","Arena",7,"Enter_Zone",1
1118.027,"Info","Arena",6,"Exit_Zone",2
1118.027,"Info","Arena",6,"Enter_Zone",4
1120.093,"Info","Arena",6,"Exit_Zone",4
1120.093,"Info","Arena",6,"Enter_Zone",1
1123.259,"Info","Arena",7,"Exit_Zone",1
1123.259,"Info","Arena",7,"Enter_Zone",4
1126.560,"Info","Arena",6,"Exit_Zone",1
1126.560,"Info","Arena",6,"Enter_Zone",4
1126.658,"Info","Arena",7,"Exit_Zone",4
1126.658,"Info","Arena",7,"Enter_Zone",2
1131.191,"Info","Arena",6,"Exit_Zone",4
1131.191,"Info","Arena",6,"Enter_Zone",3
1135.323,"Info","Arena",6,"Exit_Zone",3
1135.323,"Info","Arena",6,"Enter_Zone",4
1136.825,"Info","Arena",6,"Exit_Zone",4
1136.825,"Info","Arena",6,"Enter_Zone",1
1140.422,"Info","Arena",7,"Exit_Zone",2
1140.422,"Info","Arena",7,"Enter_Zone",4
1143.890,"Info","Arena",7,"Exit_Zone",4
1143.890,"Info","Arena",7,"Enter_Zone",3
1144.155,"Info","Arena",6,"Exit_Zone",1
1144.155,"Info","Arena",6,"Enter_Zone",4
1145.890,"Info","Arena",6,"Exit_Zone",4
1145.890,"Info","Arena",6,"Enter_Zone",2
1150.954,"Info","Arena",6,"Exit_Zone",2
1150.954,"Info","Arena",6,"Enter_Zone",4
1153.186,"Info","Arena",6,"Exit_Zone",4
1153.186,"Info","Arena",6,"Enter_Zone",3
1156.486,"Info","Arena",6,"Exit_Zone",3
1156.486,"Info","Arena",6,"Enter_Zone",4
1158.054,"Info","Arena",6,"Exit_Zone",4
1158.054,"Info","Arena",6,"Enter_Zone",1
1164.684,"Info","Arena",6,"Exit_Zone",1
1164.684,"Info","Arena",6,"Enter_Zone",4
1166.917,"Info","Arena",6,"Exit_Zone",4
1166.917,"Info","Arena",6,"Enter_Zone",3
1171.350,"Info","Arena",6,"Exit_Zone",3
1171.350,"Info","Arena",6,"Enter_Zone",4
1176.148,"Info","Arena",6,"Exit_Zone",4
1176.148,"Info","Arena",6,"Enter_Zone",1
1181.949,"Info","Arena",6,"Exit_Zone",1
1181.949,"Info","Arena",6,"Enter_Zone",4
1183.347,"Info","Arena",6,"Exit_Zone",4
1183.347,"Info","Arena",6,"Enter_Zone",2
1189.512,"Info","Arena",6,"Exit_Zone",2
1189.512,"Info","Arena",6,"Enter_Zone",4
1191.512,"Info","Arena",6,"Exit_Zone",4
1191.512,"Info","Arena",6,"Enter_Zone",3
1198.046,"Info","Arena",6,"Exit_Zone",3
1198.046,"Info","Arena",6,"Enter_Zone",4
1199.511,"Info","Arena",6,"Exit_Zone",4
1199.511,"Info","Arena",6,"Enter_Zone",1
1205.545,"Info","Arena",6,"Exit_Zone",1
1205.545,"Info","Arena",6,"Enter_Zone",4
1208.076,"Info","Arena",6,"Exit_Zone",4
1208.076,"Info","Arena",6,"Enter_Zone",3
1213.108,"Info","Arena",6,"Exit_Zone",3
1213.108,"Info","Arena",6,"Enter_Zone",4
1213.141,"Info","Arena",6,"Exit_Zone",4
1213.141,"Info","Arena",6,"Enter_Zone",3
1213.175,"Info","Arena",6,"Exit_Zone",3
1213.175,"Info","Arena",6,"Enter_Zone",4
1213.210,"Info","Arena",6,"Exit_Zone",4
1213.210,"Info","Arena",6,"Enter_Zone",3
1213.241,"Info","Arena",6,"Exit_Zone",3
1213.241,"Info","Arena",6,"Enter_Zone",4
1213.276,"Info","Arena",6,"Exit_Zone",4
1213.276,"Info","Arena",6,"Enter_Zone",3
1213.308,"Info","Arena",6,"Exit_Zone",3
1213.308,"Info","Arena",6,"Enter_Zone",4
1213.341,"Info","Arena",6,"Exit_Zone",4
1213.341,"Info","Arena",6,"Enter_Zone",3
1213.508,"Info","Arena",6,"Exit_Zone",3
1213.508,"Info","Arena",6,"Enter_Zone",4
1216.709,"Info","Arena",6,"Exit_Zone",4
1216.709,"Info","Arena",6,"Enter_Zone",1
1223.208,"Info","Arena",6,"Exit_Zone",1
1223.208,"Info","Arena",6,"Enter_Zone",4
1227.805,"Info","Arena",6,"Exit_Zone",4
1227.805,"Info","Arena",6,"Enter_Zone",2
1232.237,"Info","Arena",6,"Exit_Zone",2
1232.237,"Info","Arena",6,"Enter_Zone",4
1234.970,"Info","Arena",6,"Exit_Zone",4
1234.970,"Info","Arena",6,"Enter_Zone",1
1245.768,"Info","Arena",6,"Exit_Zone",1
1245.768,"Info","Arena",6,"Enter_Zone",4
1246.135,"Info","Arena",12,"Exit_Zone",2
1246.135,"Info","Arena",12,"Enter_Zone",4
1249.067,"Info","Arena",6,"Exit_Zone",4
1249.067,"Info","Arena",6,"Enter_Zone",3
1249.536,"Info","Arena",12,"Exit_Zone",4
1249.536,"Info","Arena",12,"Enter_Zone",3
1253.600,"Info","Arena",6,"Exit_Zone",3
1253.600,"Info","Arena",6,"Enter_Zone",4
1256.433,"Info","Arena",6,"Exit_Zone",4
1256.433,"Info","Arena",6,"Enter_Zone",2
1260.534,"Info","Arena",12,"Exit_Zone",3
1260.534,"Info","Arena",12,"Enter_Zone",4
1261.298,"Info","Arena",12,"Exit_Zone",4
1261.298,"Info","Arena",12,"Enter_Zone",3
1262.098,"Info","Arena",6,"Exit_Zone",2
1262.098,"Info","Arena",6,"Enter_Zone",4
1264.298,"Info","Arena",6,"Exit_Zone",4
1264.298,"Info","Arena",6,"Enter_Zone",1
1271.996,"Info","Arena",6,"Exit_Zone",1
1271.996,"Info","Arena",6,"Enter_Zone",4
1274.162,"Info","Arena",6,"Exit_Zone",4
1274.162,"Info","Arena",6,"Enter_Zone",3
1279.795,"Info","Arena",4,"Exit_Zone",1
1279.795,"Info","Arena",4,"Enter_Zone",4
1281.161,"Info","Arena",6,"Exit_Zone",3
1281.161,"Info","Arena",6,"Enter_Zone",4
1282.627,"Info","Arena",4,"Exit_Zone",4
1282.627,"Info","Arena",4,"Enter_Zone",3
1285.993,"Info","Arena",6,"Exit_Zone",4
1285.993,"Info","Arena",6,"Enter_Zone",2
1294.125,"Info","Arena",6,"Exit_Zone",2
1294.125,"Info","Arena",6,"Enter_Zone",4
1299.391,"Info","Arena",6,"Exit_Zone",4
1299.391,"Info","Arena",6,"Enter_Zone",3
1304.056,"Info","Arena",12,"Exit_Zone",3
1304.056,"Info","Arena",12,"Enter_Zone",4
1309.455,"Info","Arena",12,"Exit_Zone",4
1309.455,"Info","Arena",12,"Enter_Zone",1
1311.588,"Info","Arena",6,"Exit_Zone",3
1311.588,"Info","Arena",6,"Enter_Zone",4
1315.088,"Info","Arena",6,"Exit_Zone",4
1315.088,"Info","Arena",6,"Enter_Zone",1
1315.421,"Info","Arena",12,"Exit_Zone",1
1315.421,"Info","Arena",12,"Enter_Zone",4
1319.920,"Info","Arena",12,"Exit_Zone",4
1319.920,"Info","Arena",12,"Enter_Zone",3
1325.719,"Info","Arena",6,"Exit_Zone",1
1325.719,"Info","Arena",6,"Enter_Zone",4
1328.187,"Info","Arena",6,"Exit_Zone",4
1328.187,"Info","Arena",6,"Enter_Zone",3
1332.317,"Info","Arena",12,"Exit_Zone",3
1332.317,"Info","Arena",12,"Enter_Zone",4
1336.783,"Info","Arena",6,"Exit_Zone",3
1336.783,"Info","Arena",6,"Enter_Zone",4
1338.449,"Info","Arena",6,"Exit_Zone",4
1338.449,"Info","Arena",6,"Enter_Zone",1
1340.316,"Info","Arena",12,"Exit_Zone",4
1340.316,"Info","Arena",12,"Enter_Zone",3
1348.381,"Info","Arena",6,"Exit_Zone",1
1348.381,"Info","Arena",6,"Enter_Zone",4
1350.580,"Info","Arena",6,"Exit_Zone",4
1350.580,"Info","Arena",6,"Enter_Zone",2
1356.379,"Info","Arena",6,"Exit_Zone",2
1356.379,"Info","Arena",6,"Enter_Zone",4
1359.579,"Info","Arena",6,"Exit_Zone",4
1359.579,"Info","Arena",6,"Enter_Zone",3
1359.579,"Info","Arena",12,"Exit_Zone",3
1359.579,"Info","Arena",12,"Enter_Zone",4
1359.681,"Info","Arena",7,"Exit_Zone",3
1359.681,"Info","Arena",7,"Enter_Zone",4
1359.712,"Info","Arena",7,"Exit_Zone",4
1359.712,"Info","Arena",7,"Enter_Zone",3
1359.745,"Info","Arena",7,"Exit_Zone",3
1359.745,"Info","Arena",7,"Enter_Zone",4
1359.847,"Info","Arena",7,"Exit_Zone",4
1359.847,"Info","Arena",7,"Enter_Zone",3
1359.879,"Info","Arena",7,"Exit_Zone",3
1359.879,"Info","Arena",7,"Enter_Zone",4
1362.645,"Info","Arena",12,"Exit_Zone",4
1362.645,"Info","Arena",12,"Enter_Zone",1
1363.911,"Info","Arena",6,"Exit_Zone",3
1363.911,"Info","Arena",6,"Enter_Zone",4
1365.911,"Info","Arena",12,"Exit_Zone",1
1365.911,"Info","Arena",12,"Enter_Zone",4
1366.777,"Info","Arena",7,"Exit_Zone",4
1366.777,"Info","Arena",7,"Enter_Zone",2
1368.977,"Info","Arena",6,"Exit_Zone",4
1368.977,"Info","Arena",6,"Enter_Zone",1
1369.845,"Info","Arena",12,"Exit_Zone",4
1369.845,"Info","Arena",12,"Enter_Zone",2
1374.242,"Info","Arena",6,"Exit_Zone",1
1374.242,"Info","Arena",6,"Enter_Zone",4
1378.875,"Info","Arena",6,"Exit_Zone",4
1378.875,"Info","Arena",6,"Enter_Zone",3
1384.140,"Info","Arena",6,"Exit_Zone",3
1384.140,"Info","Arena",6,"Enter_Zone",4
1388.306,"Info","Arena",6,"Exit_Zone",4
1388.306,"Info","Arena",6,"Enter_Zone",2
1398.571,"Info","Arena",6,"Exit_Zone",2
1398.571,"Info","Arena",6,"Enter_Zone",4
1399.237,"Info","Arena",7,"Exit_Zone",2
1399.237,"Info","Arena",7,"Enter_Zone",4
1400.037,"Info","Arena",6,"Exit_Zone",4
1400.037,"Info","Arena",6,"Enter_Zone",3
1404.838,"Info","Arena",6,"Exit_Zone",3
1404.838,"Info","Arena",6,"Enter_Zone",4
1407.236,"Info","Arena",6,"Exit_Zone",4
1407.236,"Info","Arena",6,"Enter_Zone",1
1410.535,"Info","Arena",7,"Exit_Zone",4
1410.535,"Info","Arena",7,"Enter_Zone",3
1417.836,"Info","Arena",6,"Exit_Zone",1
1417.836,"Info","Arena",6,"Enter_Zone",4
1420.335,"Info","Arena",6,"Exit_Zone",4
1420.335,"Info","Arena",6,"Enter_Zone",3
1420.766,"Info","Arena",7,"Exit_Zone",3
1420.766,"Info","Arena",7,"Enter_Zone",4
1422.466,"Info","Arena",7,"Exit_Zone",4
1422.466,"Info","Arena",7,"Enter_Zone",1
1428.667,"Info","Arena",6,"Exit_Zone",3
1428.667,"Info","Arena",6,"Enter_Zone",4
1431.431,"Info","Arena",6,"Exit_Zone",4
1431.431,"Info","Arena",6,"Enter_Zone",1
1432.931,"Info","Arena",7,"Exit_Zone",1
1432.931,"Info","Arena",7,"Enter_Zone",4
1434.999,"Info","Arena",7,"Exit_Zone",4
1434.999,"Info","Arena",7,"Enter_Zone",2
1446.395,"Info","Arena",6,"Exit_Zone",1
1446.395,"Info","Arena",6,"Enter_Zone",4
1446.863,"Info","Arena",6,"Exit_Zone",4
1446.863,"Info","Arena",6,"Enter_Zone",1
1447.094,"Info","Arena",6,"Exit_Zone",1
1447.094,"Info","Arena",6,"Enter_Zone",4
1447.128,"Info","Arena",6,"Exit_Zone",4
1447.128,"Info","Arena",6,"Enter_Zone",1
1447.361,"Info","Arena",6,"Exit_Zone",1
1447.361,"Info","Arena",6,"Enter_Zone",4
1448.094,"Info","Arena",7,"Exit_Zone",2
1448.094,"Info","Arena",7,"Enter_Zone",4
1451.560,"Info","Arena",6,"Exit_Zone",4
1451.560,"Info","Arena",6,"Enter_Zone",3
1451.627,"Info","Arena",7,"Exit_Zone",4
1451.627,"Info","Arena",7,"Enter_Zone",3
1459.192,"Info","Arena",6,"Exit_Zone",3
1459.192,"Info","Arena",6,"Enter_Zone",4
1460.792,"Info","Arena",7,"Exit_Zone",3
1460.792,"Info","Arena",7,"Enter_Zone",4
1461.893,"Info","Arena",6,"Exit_Zone",4
1461.893,"Info","Arena",6,"Enter_Zone",2
1467.057,"Info","Arena",6,"Exit_Zone",2
1467.057,"Info","Arena",6,"Enter_Zone",4
1468.257,"Info","Arena",6,"Exit_Zone",4
1468.257,"Info","Arena",6,"Enter_Zone",1
1469.557,"Info","Arena",4,"Exit_Zone",3
1469.557,"Info","Arena",4,"Enter_Zone",4
1472.158,"Info","Arena",4,"Exit_Zone",4
1472.158,"Info","Arena",4,"Enter_Zone",2
1496.418,"Info","Arena",7,"Exit_Zone",4
1496.418,"Info","Arena",7,"Enter_Zone",1
1501.717,"Info","Arena",4,"Exit_Zone",2
1501.717,"Info","Arena",4,"Enter_Zone",4
1503.819,"Info","Arena",6,"Exit_Zone",1
1503.819,"Info","Arena",6,"Enter_Zone",4
1506.616,"Info","Arena",12,"Exit_Zone",2
1506.616,"Info","Arena",12,"Enter_Zone",4
1506.651,"Info","Arena",12,"Exit_Zone",4
1506.651,"Info","Arena",12,"Enter_Zone",2
1506.783,"Info","Arena",12,"Exit_Zone",2
1506.783,"Info","Arena",12,"Enter_Zone",4
1506.819,"Info","Arena",6,"Exit_Zone",4
1506.819,"Info","Arena",6,"Enter_Zone",3
1514.348,"Info","Arena",6,"Exit_Zone",3
1514.348,"Info","Arena",6,"Enter_Zone",4
1516.984,"Info","Arena",6,"Exit_Zone",4
1516.984,"Info","Arena",6,"Enter_Zone",1
1519.580,"Info","Arena",12,"Exit_Zone",4
1519.580,"Info","Arena",12,"Enter_Zone",3
1519.747,"Info","Arena",12,"Exit_Zone",3
1519.747,"Info","Arena",12,"Enter_Zone",4
1519.780,"Info","Arena",12,"Exit_Zone",4
1519.780,"Info","Arena",12,"Enter_Zone",3
1523.546,"Info","Arena",7,"Exit_Zone",1
1523.546,"Info","Arena",7,"Enter_Zone",4
1524.546,"Info","Arena",6,"Exit_Zone",1
1524.546,"Info","Arena",6,"Enter_Zone",4
1525.945,"Info","Arena",5,"Exit_Zone",3
1525.945,"Info","Arena",5,"Enter_Zone",2
1525.981,"Info","Arena",6,"Exit_Zone",4
1525.981,"Info","Arena",6,"Enter_Zone",3
1526.012,"Info","Arena",5,"Exit_Zone",2
1526.012,"Info","Arena",5,"Enter_Zone",3
1533.211,"Info","Arena",6,"Exit_Zone",3
1533.211,"Info","Arena",6,"Enter_Zone",4
1534.410,"Info","Arena",5,"Exit_Zone",3
1534.410,"Info","Arena",5,"Enter_Zone",2
1535.146,"Info","Arena",7,"Exit_Zone",4
1535.146,"Info","Arena",7,"Enter_Zone",3
1536.177,"Info","Arena",6,"Exit_Zone",4
1536.177,"Info","Arena",6,"Enter_Zone",1
1536.543,"Info","Arena",5,"Exit_Zone",2
1536.543,"Info","Arena",5,"Enter_Zone",3
1538.210,"Info","Arena",5,"Exit_Zone",3
1538.210,"Info","Arena",5,"Enter_Zone",2
1542.542,"Info","Arena",1,"Exit_Zone",2
1542.542,"Info","Arena",1,"Enter_Zone",4
1543.442,"Info","Arena",6,"Exit_Zone",1
1543.442,"Info","Arena",6,"Enter_Zone",4
1545.075,"Info","Arena",7,"Exit_Zone",3
1545.075,"Info","Arena",7,"Enter_Zone",4
1547.108,"Info","Arena",7,"Exit_Zone",4
1547.108,"Info","Arena",7,"Enter_Zone",1
1551.642,"Info","Arena",6,"Exit_Zone",4
1551.642,"Info","Arena",6,"Enter_Zone",3
1555.606,"Info","Arena",7,"Exit_Zone",1
1555.606,"Info","Arena",7,"Enter_Zone",4
1560.474,"Info","Arena",6,"Exit_Zone",3
1560.474,"Info","Arena",6,"Enter_Zone",4
1561.005,"Info","Arena",7,"Exit_Zone",4
1561.005,"Info","Arena",7,"Enter_Zone",2
1564.473,"Info","Arena",6,"Exit_Zone",4
1564.473,"Info","Arena",6,"Enter_Zone",2
1564.538,"Info","Arena",6,"Exit_Zone",2
1564.538,"Info","Arena",6,"Enter_Zone",4
1564.806,"Info","Arena",6,"Exit_Zone",4
1564.806,"Info","Arena",6,"Enter_Zone",2
1564.838,"Info","Arena",6,"Exit_Zone",2
1564.838,"Info","Arena",6,"Enter_Zone",4
1564.973,"Info","Arena",6,"Exit_Zone",4
1564.973,"Info","Arena",6,"Enter_Zone",2
1572.869,"Info","Arena",6,"Exit_Zone",2
1572.869,"Info","Arena",6,"Enter_Zone",4
1575.869,"Info","Arena",6,"Exit_Zone",4
1575.869,"Info","Arena",6,"Enter_Zone",1
1577.102,"Info","Arena",7,"Exit_Zone",2
1577.102,"Info","Arena",7,"Enter_Zone",4
1580.068,"Info","Arena",7,"Exit_Zone",4
1580.068,"Info","Arena",7,"Enter_Zone",3
1585.834,"Info","Arena",4,"Exit_Zone",4
1585.834,"Info","Arena",4,"Enter_Zone",3
1586.935,"Info","Arena",7,"Exit_Zone",3
1586.935,"Info","Arena",7,"Enter_Zone",4
1588.968,"Info","Arena",7,"Exit_Zone",4
1588.968,"Info","Arena",7,"Enter_Zone",1
1596.467,"Info","Arena",7,"Exit_Zone",1
1596.467,"Info","Arena",7,"Enter_Zone",4
1597.265,"Info","Arena",6,"Exit_Zone",1
1597.265,"Info","Arena",6,"Enter_Zone",4
1600.097,"Info","Arena",6,"Exit_Zone",4
1600.097,"Info","Arena",6,"Enter_Zone",3
1604.596,"Info","Arena",7,"Exit_Zone",4
1604.596,"Info","Arena",7,"Enter_Zone",2
1605.798,"Info","Arena",8,"Exit_Zone",3
1605.798,"Info","Arena",8,"Enter_Zone",4
1610.162,"Info","Arena",6,"Exit_Zone",3
1610.162,"Info","Arena",6,"Enter_Zone",4
1612.162,"Info","Arena",6,"Exit_Zone",4
1612.162,"Info","Arena",6,"Enter_Zone",2
1613.095,"Info","Arena",7,"Exit_Zone",2
1613.095,"Info","Arena",7,"Enter_Zone",4
1615.328,"Info","Arena",7,"Exit_Zone",4
1615.328,"Info","Arena",7,"Enter_Zone",3
1621.962,"Info","Arena",7,"Exit_Zone",3
1621.962,"Info","Arena",7,"Enter_Zone",4
1622.260,"Info","Arena",6,"Exit_Zone",2
1622.260,"Info","Arena",6,"Enter_Zone",4
1625.294,"Info","Arena",7,"Exit_Zone",4
1625.294,"Info","Arena",7,"Enter_Zone",1
1628.258,"Info","Arena",6,"Exit_Zone",4
1628.258,"Info","Arena",6,"Enter_Zone",1
1630.025,"Info","Arena",8,"Exit_Zone",4
1630.025,"Info","Arena",8,"Enter_Zone",1
1634.890,"Info","Arena",6,"Exit_Zone",1
1634.890,"Info","Arena",6,"Enter_Zone",4
1638.923,"Info","Arena",6,"Exit_Zone",4
1638.923,"Info","Arena",6,"Enter_Zone",3
1641.756,"Info","Arena",7,"Exit_Zone",1
1641.756,"Info","Arena",7,"Enter_Zone",4
1644.155,"Info","Arena",7,"Exit_Zone",4
1644.155,"Info","Arena",7,"Enter_Zone",2
1646.123,"Info","Arena",6,"Exit_Zone",3
1646.123,"Info","Arena",6,"Enter_Zone",4
1648.054,"Info","Arena",6,"Exit_Zone",4
1648.054,"Info","Arena",6,"Enter_Zone",1
1654.622,"Info","Arena",6,"Exit_Zone",1
1654.622,"Info","Arena",6,"Enter_Zone",4
1657.653,"Info","Arena",6,"Exit_Zone",4
1657.653,"Info","Arena",6,"Enter_Zone",3
1668.217,"Info","Arena",7,"Exit_Zone",2
1668.217,"Info","Arena",7,"Enter_Zone",4
1668.251,"Info","Arena",7,"Exit_Zone",4
1668.251,"Info","Arena",7,"Enter_Zone",2
1668.286,"Info","Arena",7,"Exit_Zone",2
1668.286,"Info","Arena",7,"Enter_Zone",4
1669.217,"Info","Arena",6,"Exit_Zone",3
1669.217,"Info","Arena",6,"Enter_Zone",4
1669.250,"Info","Arena",6,"Exit_Zone",4
1669.250,"Info","Arena",6,"Enter_Zone",3
1669.286,"Info","Arena",6,"Exit_Zone",3
1669.286,"Info","Arena",6,"Enter_Zone",4
1671.851,"Info","Arena",6,"Exit_Zone",4
1671.851,"Info","Arena",6,"Enter_Zone",1
1672.350,"Info","Arena",12,"Exit_Zone",3
1672.350,"Info","Arena",12,"Enter_Zone",4
1674.349,"Info","Arena",7,"Exit_Zone",4
1674.349,"Info","Arena",7,"Enter_Zone",3
1677.284,"Info","Arena",12,"Exit_Zone",4
1677.284,"Info","Arena",12,"Enter_Zone",2
1678.649,"Info","Arena",14,"Exit_Zone",3
1678.649,"Info","Arena",14,"Enter_Zone",4
1679.117,"Info","Arena",6,"Exit_Zone",1
1679.117,"Info","Arena",6,"Enter_Zone",4
1682.783,"Info","Arena",6,"Exit_Zone",4
1682.783,"Info","Arena",6,"Enter_Zone",3
1683.981,"Info","Arena",14,"Exit_Zone",4
1683.981,"Info","Arena",14,"Enter_Zone",1
1686.848,"Info","Arena",6,"Exit_Zone",3
1686.848,"Info","Arena",6,"Enter_Zone",4
1687.680,"Info","Arena",12,"Exit_Zone",2
1687.680,"Info","Arena",12,"Enter_Zone",4
1687.980,"Info","Arena",7,"Exit_Zone",3
1687.980,"Info","Arena",7,"Enter_Zone",4
1689.615,"Info","Arena",7,"Exit_Zone",4
1689.615,"Info","Arena",7,"Enter_Zone",1
1690.646,"Info","Arena",6,"Exit_Zone",4
1690.646,"Info","Arena",6,"Enter_Zone",1
1692.312,"Info","Arena",12,"Exit_Zone",4
1692.312,"Info","Arena",12,"Enter_Zone",3
1695.780,"Info","Arena",7,"Exit_Zone",1
1695.780,"Info","Arena",7,"Enter_Zone",4
1697.711,"Info","Arena",7,"Exit_Zone",4
1697.711,"Info","Arena",7,"Enter_Zone",2
1698.578,"Info","Arena",14,"Exit_Zone",1
1698.578,"Info","Arena",14,"Enter_Zone",4
1699.644,"Info","Arena",6,"Exit_Zone",1
1699.644,"Info","Arena",6,"Enter_Zone",4
1703.677,"Info","Arena",14,"Exit_Zone",4
1703.677,"Info","Arena",14,"Enter_Zone",2
1705.910,"Info","Arena",12,"Exit_Zone",3
1705.910,"Info","Arena",12,"Enter_Zone",4
1706.811,"Info","Arena",6,"Exit_Zone",4
1706.811,"Info","Arena",6,"Enter_Zone",3
1709.777,"Info","Arena",12,"Exit_Zone",4
1709.777,"Info","Arena",12,"Enter_Zone",1
1711.611,"Info","Arena",6,"Exit_Zone",3
1711.611,"Info","Arena",6,"Enter_Zone",4
1714.375,"Info","Arena",6,"Exit_Zone",4
1714.375,"Info","Arena",6,"Enter_Zone",1
1716.241,"Info","Arena",7,"Exit_Zone",2
1716.241,"Info","Arena",7,"Enter_Zone",4
1718.640,"Info","Arena",12,"Exit_Zone",1
1718.640,"Info","Arena",12,"Enter_Zone",4
1720.407,"Info","Arena",6,"Exit_Zone",1
1720.407,"Info","Arena",6,"Enter_Zone",4
1722.573,"Info","Arena",7,"Exit_Zone",4
1722.573,"Info","Arena",7,"Enter_Zone",3
1722.640,"Info","Arena",12,"Exit_Zone",4
1722.640,"Info","Arena",12,"Enter_Zone",3
1722.806,"Info","Arena",6,"Exit_Zone",4
1722.806,"Info","Arena",6,"Enter_Zone",3
1727.441,"Info","Arena",14,"Exit_Zone",2
1727.441,"Info","Arena",14,"Enter_Zone",4
1729.505,"Info","Arena",7,"Exit_Zone",3
1729.505,"Info","Arena",7,"Enter_Zone",4
1732.071,"Info","Arena",6,"Exit_Zone",3
1732.071,"Info","Arena",6,"Enter_Zone",4
1733.038,"Info","Arena",14,"Exit_Zone",4
1733.038,"Info","Arena",14,"Enter_Zone",1
1734.837,"Info","Arena",6,"Exit_Zone",4
1734.837,"Info","Arena",6,"Enter_Zone",1
1741.804,"Info","Arena",1,"Exit_Zone",4
1741.804,"Info","Arena",1,"Enter_Zone",1
1744.569,"Info","Arena",6,"Exit_Zone",1
1744.569,"Info","Arena",6,"Enter_Zone",4
1744.735,"Info","Arena",12,"Exit_Zone",3
1744.735,"Info","Arena",12,"Enter_Zone",4
1748.668,"Info","Arena",12,"Exit_Zone",4
1748.668,"Info","Arena",12,"Enter_Zone",2
1751.567,"Info","Arena",6,"Exit_Zone",4
1751.567,"Info","Arena",6,"Enter_Zone",2
1759.032,"Info","Arena",1,"Exit_Zone",1
1759.032,"Info","Arena",1,"Enter_Zone",4
1759.066,"Info","Arena",1,"Exit_Zone",4
1759.066,"Info","Arena",1,"Enter_Zone",1
1759.132,"Info","Arena",1,"Exit_Zone",1
1759.132,"Info","Arena",1,"Enter_Zone",4
1760.865,"Info","Arena",1,"Exit_Zone",4
1760.865,"Info","Arena",1,"Enter_Zone",3
1760.965,"Info","Arena",7,"Exit_Zone",4
1760.965,"Info","Arena",7,"Enter_Zone",1
1761.232,"Info","Arena",6,"Exit_Zone",2
1761.232,"Info","Arena",6,"Enter_Zone",4
1762.934,"Info","Arena",6,"Exit_Zone",4
1762.934,"Info","Arena",6,"Enter_Zone",3
1763.165,"Info","Arena",6,"Exit_Zone",3
1763.165,"Info","Arena",6,"Enter_Zone",4
1763.198,"Info","Arena",6,"Exit_Zone",4
1763.198,"Info","Arena",6,"Enter_Zone",3
1767.231,"Info","Arena",7,"Exit_Zone",1
1767.231,"Info","Arena",7,"Enter_Zone",4
1769.364,"Info","Arena",1,"Exit_Zone",3
1769.364,"Info","Arena",1,"Enter_Zone",4
1769.364,"Info","Arena",7,"Exit_Zone",4
1769.364,"Info","Arena",7,"Enter_Zone",2
1778.195,"Info","Arena",7,"Exit_Zone",2
1778.195,"Info","Arena",7,"Enter_Zone",4
1780.328,"Info","Arena",8,"Exit_Zone",1
1780.328,"Info","Arena",8,"Enter_Zone",4
1782.096,"Info","Arena",6,"Exit_Zone",3
1782.096,"Info","Arena",6,"Enter_Zone",4
1783.096,"Info","Arena",8,"Exit_Zone",4
1783.096,"Info","Arena",8,"Enter_Zone",2
1784.429,"Info","Arena",6,"Exit_Zone",4
1784.429,"Info","Arena",6,"Enter_Zone",2
1786.794,"Info","Arena",7,"Exit_Zone",4
1786.794,"Info","Arena",7,"Enter_Zone",3
1791.226,"Info","Arena",6,"Exit_Zone",2
1791.226,"Info","Arena",6,"Enter_Zone",4
1794.059,"Info","Arena",7,"Exit_Zone",3
1794.059,"Info","Arena",7,"Enter_Zone",4
1795.325,"Info","Arena",12,"Exit_Zone",2
1795.325,"Info","Arena",12,"Enter_Zone",4
1796.691,"Info","Arena",6,"Exit_Zone",4
1796.691,"Info","Arena",6,"Enter_Zone",3
1797.225,"Info","Arena",7,"Exit_Zone",4
1797.225,"Info","Arena",7,"Enter_Zone",1
1798.891,"Info","Arena",12,"Exit_Zone",4
1798.891,"Info","Arena",12,"Enter_Zone",3
1801.624,"Info","Arena",6,"Exit_Zone",3
1801.624,"Info","Arena",6,"Enter_Zone",4
1801.759,"Info","Arena",8,"Exit_Zone",2
1801.759,"Info","Arena",8,"Enter_Zone",4
1804.123,"Info","Arena",6,"Exit_Zone",4
1804.123,"Info","Arena",6,"Enter_Zone",1
1804.259,"Info","Arena",7,"Exit_Zone",1
1804.259,"Info","Arena",7,"Enter_Zone",4
1805.290,"Info","Arena",8,"Exit_Zone",4
1805.290,"Info","Arena",8,"Enter_Zone",3
1809.591,"Info","Arena",7,"Exit_Zone",4
1809.591,"Info","Arena",7,"Enter_Zone",2
1814.188,"Info","Arena",6,"Exit_Zone",1
1814.188,"Info","Arena",6,"Enter_Zone",4
1816.054,"Info","Arena",6,"Exit_Zone",4
1816.054,"Info","Arena",6,"Enter_Zone",3
1821.855,"Info","Arena",6,"Exit_Zone",3
1821.855,"Info","Arena",6,"Enter_Zone",4
1824.755,"Info","Arena",6,"Exit_Zone",4
1824.755,"Info","Arena",6,"Enter_Zone",1
1827.254,"Info","Arena",12,"Exit_Zone",3
1827.254,"Info","Arena",12,"Enter_Zone",4
1833.086,"Info","Arena",12,"Exit_Zone",4
1833.086,"Info","Arena",12,"Enter_Zone",2
1834.217,"Info","Arena",6,"Exit_Zone",1
1834.217,"Info","Arena",6,"Enter_Zone",4
1836.384,"Info","Arena",8,"Exit_Zone",3
1836.384,"Info","Arena",8,"Enter_Zone",4
1836.419,"Info","Arena",8,"Exit_Zone",4
1836.419,"Info","Arena",8,"Enter_Zone",3
1836.450,"Info","Arena",8,"Exit_Zone",3
1836.450,"Info","Arena",8,"Enter_Zone",4
1836.484,"Info","Arena",8,"Exit_Zone",4
1836.484,"Info","Arena",8,"Enter_Zone",3
1836.517,"Info","Arena",8,"Exit_Zone",3
1836.517,"Info","Arena",8,"Enter_Zone",4
1838.650,"Info","Arena",6,"Exit_Zone",4
1838.650,"Info","Arena",6,"Enter_Zone",3
1839.483,"Info","Arena",8,"Exit_Zone",4
1839.483,"Info","Arena",8,"Enter_Zone",1
1848.515,"Info","Arena",14,"Exit_Zone",1
1848.515,"Info","Arena",14,"Enter_Zone",4
1849.014,"Info","Arena",6,"Exit_Zone",3
1849.014,"Info","Arena",6,"Enter_Zone",4
1851.114,"Info","Arena",6,"Exit_Zone",4
1851.114,"Info","Arena",6,"Enter_Zone",1
1855.415,"Info","Arena",8,"Exit_Zone",1
1855.415,"Info","Arena",8,"Enter_Zone",4
1856.146,"Info","Arena",6,"Exit_Zone",1
1856.146,"Info","Arena",6,"Enter_Zone",4
1856.248,"Info","Arena",14,"Exit_Zone",4
1856.248,"Info","Arena",14,"Enter_Zone",3
1857.748,"Info","Arena",8,"Exit_Zone",4
1857.748,"Info","Arena",8,"Enter_Zone",2
1857.813,"Info","Arena",6,"Exit_Zone",4
1857.813,"Info","Arena",6,"Enter_Zone",2
1858.379,"Info","Arena",8,"Exit_Zone",2
1858.379,"Info","Arena",8,"Enter_Zone",4
1861.345,"Info","Arena",12,"Exit_Zone",2
1861.345,"Info","Arena",12,"Enter_Zone",4
1862.845,"Info","Arena",6,"Exit_Zone",2
1862.845,"Info","Arena",6,"Enter_Zone",4
1868.211,"Info","Arena",6,"Exit_Zone",4
1868.211,"Info","Arena",6,"Enter_Zone",1
1869.510,"Info","Arena",12,"Exit_Zone",4
1869.510,"Info","Arena",12,"Enter_Zone",1
1875.744,"Info","Arena",6,"Exit_Zone",1
1875.744,"Info","Arena",6,"Enter_Zone",4
1878.077,"Info","Arena",6,"Exit_Zone",4
1878.077,"Info","Arena",6,"Enter_Zone",2
1881.410,"Info","Arena",8,"Exit_Zone",4
1881.410,"Info","Arena",8,"Enter_Zone",2
1881.441,"Info","Arena",8,"Exit_Zone",2
1881.441,"Info","Arena",8,"Enter_Zone",4
1881.508,"Info","Arena",8,"Exit_Zone",4
1881.508,"Info","Arena",8,"Enter_Zone",2
1881.541,"Info","Arena",8,"Exit_Zone",2
1881.541,"Info","Arena",8,"Enter_Zone",4
1881.641,"Info","Arena",8,"Exit_Zone",4
1881.641,"Info","Arena",8,"Enter_Zone",2
1881.675,"Info","Arena",8,"Exit_Zone",2
1881.675,"Info","Arena",8,"Enter_Zone",4
1881.843,"Info","Arena",8,"Exit_Zone",4
1881.843,"Info","Arena",8,"Enter_Zone",2
1882.141,"Info","Arena",8,"Exit_Zone",2
1882.141,"Info","Arena",8,"Enter_Zone",4
1882.276,"Info","Arena",8,"Exit_Zone",4
1882.276,"Info","Arena",8,"Enter_Zone",2
1882.910,"Info","Arena",6,"Exit_Zone",2
1882.910,"Info","Arena",6,"Enter_Zone",4
1885.041,"Info","Arena",2,"Exit_Zone",1
1885.041,"Info","Arena",2,"Enter_Zone",4
1887.107,"Info","Arena",6,"Exit_Zone",4
1887.107,"Info","Arena",6,"Enter_Zone",1
1892.439,"Info","Arena",2,"Exit_Zone",4
1892.439,"Info","Arena",2,"Enter_Zone",2
1892.908,"Info","Arena",6,"Exit_Zone",1
1892.908,"Info","Arena",6,"Enter_Zone",4
1894.939,"Info","Arena",6,"Exit_Zone",4
1894.939,"Info","Arena",6,"Enter_Zone",3
1900.838,"Info","Arena",2,"Exit_Zone",2
1900.838,"Info","Arena",2,"Enter_Zone",4
1903.370,"Info","Arena",2,"Exit_Zone",4
1903.370,"Info","Arena",2,"Enter_Zone",3
1911.535,"Info","Arena",7,"Exit_Zone",2
1911.535,"Info","Arena",7,"Enter_Zone",4
1911.571,"Info","Arena",12,"Exit_Zone",1
1911.571,"Info","Arena",12,"Enter_Zone",4
1913.276,"Info","Arena",12,"Exit_Zone",4
1913.276,"Info","Arena",12,"Enter_Zone",3
1915.668,"Info","Arena",8,"Exit_Zone",2
1915.668,"Info","Arena",8,"Enter_Zone",4
1918.801,"Info","Arena",7,"Exit_Zone",4
1918.801,"Info","Arena",7,"Enter_Zone",3
1919.100,"Info","Arena",6,"Exit_Zone",3
1919.100,"Info","Arena",6,"Enter_Zone",4
1920.467,"Info","Arena",8,"Exit_Zone",4
1920.467,"Info","Arena",8,"Enter_Zone",3
1920.867,"Info","Arena",6,"Exit_Zone",4
1920.867,"Info","Arena",6,"Enter_Zone",1
1926.699,"Info","Arena",6,"Exit_Zone",1
1926.699,"Info","Arena",6,"Enter_Zone",4
1927.532,"Info","Arena",7,"Exit_Zone",3
1927.532,"Info","Arena",7,"Enter_Zone",4
1928.865,"Info","Arena",12,"Exit_Zone",3
1928.865,"Info","Arena",12,"Enter_Zone",4
1929.299,"Info","Arena",7,"Exit_Zone",4
1929.299,"Info","Arena",7,"Enter_Zone",1
1929.498,"Info","Arena",6,"Exit_Zone",4
1929.498,"Info","Arena",6,"Enter_Zone",3
1931.233,"Info","Arena",12,"Exit_Zone",4
1931.233,"Info","Arena",12,"Enter_Zone",2
1933.066,"Info","Arena",6,"Exit_Zone",3
1933.066,"Info","Arena",6,"Enter_Zone",4
1941.429,"Info","Arena",6,"Exit_Zone",4
1941.429,"Info","Arena",6,"Enter_Zone",2
1943.529,"Info","Arena",12,"Exit_Zone",2
1943.529,"Info","Arena",12,"Enter_Zone",4
1945.695,"Info","Arena",6,"Exit_Zone",2
1945.695,"Info","Arena",6,"Enter_Zone",4
1948.128,"Info","Arena",12,"Exit_Zone",4
1948.128,"Info","Arena",12,"Enter_Zone",1
1949.461,"Info","Arena",6,"Exit_Zone",4
1949.461,"Info","Arena",6,"Enter_Zone",1
1956.562,"Info","Arena",6,"Exit_Zone",1
1956.562,"Info","Arena",6,"Enter_Zone",4
1958.895,"Info","Arena",6,"Exit_Zone",4
1958.895,"Info","Arena",6,"Enter_Zone",2
1963.258,"Info","Arena",6,"Exit_Zone",2
1963.258,"Info","Arena",6,"Enter_Zone",4
1965.726,"Info","Arena",6,"Exit_Zone",4
1965.726,"Info","Arena",6,"Enter_Zone",3
1975.589,"Info","Arena",7,"Exit_Zone",1
1975.589,"Info","Arena",7,"Enter_Zone",4
1975.891,"Info","Arena",8,"Exit_Zone",3
1975.891,"Info","Arena",8,"Enter_Zone",4
1976.058,"Info","Arena",6,"Exit_Zone",3
1976.058,"Info","Arena",6,"Enter_Zone",4
1978.689,"Info","Arena",8,"Exit_Zone",4
1978.689,"Info","Arena",8,"Enter_Zone",1
1982.390,"Info","Arena",6,"Exit_Zone",4
1982.390,"Info","Arena",6,"Enter_Zone",2
1985.987,"Info","Arena",6,"Exit_Zone",2
1985.987,"Info","Arena",6,"Enter_Zone",4
1987.953,"Info","Arena",6,"Exit_Zone",4
1987.953,"Info","Arena",6,"Enter_Zone",1
1988.120,"Info","Arena",7,"Exit_Zone",4
1988.120,"Info","Arena",7,"Enter_Zone",3
1990.819,"Info","Arena",7,"Exit_Zone",3
1990.819,"Info","Arena",7,"Enter_Zone",4
1991.388,"Info","Arena",7,"Exit_Zone",4
1991.388,"Info","Arena",7,"Enter_Zone",3
1993.054,"Info","Arena",7,"Exit_Zone",3
1993.054,"Info","Arena",7,"Enter_Zone",4
1993.186,"Info","Arena",7,"Exit_Zone",4
1993.186,"Info","Arena",7,"Enter_Zone",3
1996.220,"Info","Arena",6,"Exit_Zone",1
1996.220,"Info","Arena",6,"Enter_Zone",4
1996.820,"Info","Arena",7,"Exit_Zone",3
1996.820,"Info","Arena",7,"Enter_Zone",4
1996.854,"Info","Arena",7,"Exit_Zone",4
1996.854,"Info","Arena",7,"Enter_Zone",3
1997.185,"Info","Arena",3,"Exit_Zone",3
1997.185,"Info","Arena",3,"Enter_Zone",4
1997.887,"Info","Arena",7,"Exit_Zone",3
1997.887,"Info","Arena",7,"Enter_Zone",4
1997.918,"Info","Arena",7,"Exit_Zone",4
1997.918,"Info","Arena",7,"Enter_Zone",3
1997.952,"Info","Arena",7,"Exit_Zone",3
1997.952,"Info","Arena",7,"Enter_Zone",4
1997.985,"Info","Arena",7,"Exit_Zone",4
1997.985,"Info","Arena",7,"Enter_Zone",3
1998.285,"Info","Arena",7,"Exit_Zone",3
1998.285,"Info","Arena",7,"Enter_Zone",4
1998.318,"Info","Arena",7,"Exit_Zone",4
1998.318,"Info","Arena",7,"Enter_Zone",3
1998.351,"Info","Arena",7,"Exit_Zone",3
1998.351,"Info","Arena",7,"Enter_Zone",4
1998.387,"Info","Arena",7,"Exit_Zone",4
1998.387,"Info","Arena",7,"Enter_Zone",3
1998.451,"Info","Arena",7,"Exit_Zone",3
1998.451,"Info","Arena",7,"Enter_Zone",4
1998.485,"Info","Arena",7,"Exit_Zone",4
1998.485,"Info","Arena",7,"Enter_Zone",3
1998.518,"Info","Arena",7,"Exit_Zone",3
1998.518,"Info","Arena",7,"Enter_Zone",4
1998.585,"Info","Arena",7,"Exit_Zone",4
1998.585,"Info","Arena",7,"Enter_Zone",3
1998.751,"Info","Arena",7,"Exit_Zone",3
1998.751,"Info","Arena",7,"Enter_Zone",4
1998.818,"Info","Arena",7,"Exit_Zone",4
1998.818,"Info","Arena",7,"Enter_Zone",3
1998.851,"Info","Arena",7,"Exit_Zone",3
1998.851,"Info","Arena",7,"Enter_Zone",4
1998.918,"Info","Arena",7,"Exit_Zone",4
1998.918,"Info","Arena",7,"Enter_Zone",3
1998.951,"Info","Arena",7,"Exit_Zone",3
1998.951,"Info","Arena",7,"Enter_Zone",4
1999.220,"Info","Arena",6,"Exit_Zone",4
1999.220,"Info","Arena",6,"Enter_Zone",2
1999.684,"Info","Arena",3,"Exit_Zone",4
1999.684,"Info","Arena",3,"Enter_Zone",3
2001.219,"Info","Arena",7,"Exit_Zone",4
2001.219,"Info","Arena",7,"Enter_Zone",3
2001.251,"Info","Arena",7,"Exit_Zone",3
2001.251,"Info","Arena",7,"Enter_Zone",4
2001.819,"Info","Arena",7,"Exit_Zone",4
2001.819,"Info","Arena",7,"Enter_Zone",3
2001.852,"Info","Arena",7,"Exit_Zone",3
2001.852,"Info","Arena",7,"Enter_Zone",4
2002.084,"Info","Arena",7,"Exit_Zone",4
2002.084,"Info","Arena",7,"Enter_Zone",3
2002.117,"Info","Arena",7,"Exit_Zone",3
2002.117,"Info","Arena",7,"Enter_Zone",4
2002.284,"Info","Arena",7,"Exit_Zone",4
2002.284,"Info","Arena",7,"Enter_Zone",3
2002.317,"Info","Arena",7,"Exit_Zone",3
2002.317,"Info","Arena",7,"Enter_Zone",4
2002.451,"Info","Arena",7,"Exit_Zone",4
2002.451,"Info","Arena",7,"Enter_Zone",3
2002.484,"Info","Arena",7,"Exit_Zone",3
2002.484,"Info","Arena",7,"Enter_Zone",4
2002.517,"Info","Arena",7,"Exit_Zone",4
2002.517,"Info","Arena",7,"Enter_Zone",3
2002.950,"Info","Arena",7,"Exit_Zone",3
2002.950,"Info","Arena",7,"Enter_Zone",4
2002.984,"Info","Arena",7,"Exit_Zone",4
2002.984,"Info","Arena",7,"Enter_Zone",3
2003.386,"Info","Arena",7,"Exit_Zone",3
2003.386,"Info","Arena",7,"Enter_Zone",4
2003.417,"Info","Arena",7,"Exit_Zone",4
2003.417,"Info","Arena",7,"Enter_Zone",3
2003.719,"Info","Arena",7,"Exit_Zone",3
2003.719,"Info","Arena",7,"Enter_Zone",4
2003.750,"Info","Arena",7,"Exit_Zone",4
2003.750,"Info","Arena",7,"Enter_Zone",3
2005.719,"Info","Arena",7,"Exit_Zone",3
2005.719,"Info","Arena",7,"Enter_Zone",4
2005.750,"Info","Arena",7,"Exit_Zone",4
2005.750,"Info","Arena",7,"Enter_Zone",3
2005.783,"Info","Arena",7,"Exit_Zone",3
2005.783,"Info","Arena",7,"Enter_Zone",4
2005.817,"Info","Arena",7,"Exit_Zone",4
2005.817,"Info","Arena",7,"Enter_Zone",3
2005.885,"Info","Arena",7,"Exit_Zone",3
2005.885,"Info","Arena",7,"Enter_Zone",4
2005.983,"Info","Arena",7,"Exit_Zone",4
2005.983,"Info","Arena",7,"Enter_Zone",3
2006.116,"Info","Arena",7,"Exit_Zone",3
2006.116,"Info","Arena",7,"Enter_Zone",4
2006.250,"Info","Arena",7,"Exit_Zone",4
2006.250,"Info","Arena",7,"Enter_Zone",3
2006.750,"Info","Arena",6,"Exit_Zone",2
2006.750,"Info","Arena",6,"Enter_Zone",4
2006.851,"Info","Arena",7,"Exit_Zone",3
2006.851,"Info","Arena",7,"Enter_Zone",4
2006.916,"Info","Arena",7,"Exit_Zone",4
2006.916,"Info","Arena",7,"Enter_Zone",3
2006.950,"Info","Arena",7,"Exit_Zone",3
2006.950,"Info","Arena",7,"Enter_Zone",4
2007.116,"Info","Arena",7,"Exit_Zone",4
2007.116,"Info","Arena",7,"Enter_Zone",3
2007.250,"Info","Arena",7,"Exit_Zone",3
2007.250,"Info","Arena",7,"Enter_Zone",4
2007.283,"Info","Arena",7,"Exit_Zone",4
2007.283,"Info","Arena",7,"Enter_Zone",3
2007.450,"Info","Arena",7,"Exit_Zone",3
2007.450,"Info","Arena",7,"Enter_Zone",4
2007.483,"Info","Arena",7,"Exit_Zone",4
2007.483,"Info","Arena",7,"Enter_Zone",3
2007.551,"Info","Arena",7,"Exit_Zone",3
2007.551,"Info","Arena",7,"Enter_Zone",4
2007.583,"Info","Arena",7,"Exit_Zone",4
2007.583,"Info","Arena",7,"Enter_Zone",3
2007.649,"Info","Arena",7,"Exit_Zone",3
2007.649,"Info","Arena",7,"Enter_Zone",4
2007.749,"Info","Arena",7,"Exit_Zone",4
2007.749,"Info","Arena",7,"Enter_Zone",3
2008.249,"Info","Arena",7,"Exit_Zone",3
2008.249,"Info","Arena",7,"Enter_Zone",4
2008.349,"Info","Arena",7,"Exit_Zone",4
2008.349,"Info","Arena",7,"Enter_Zone",3
2008.385,"Info","Arena",7,"Exit_Zone",3
2008.385,"Info","Arena",7,"Enter_Zone",4
2008.416,"Info","Arena",7,"Exit_Zone",4
2008.416,"Info","Arena",7,"Enter_Zone",3
2008.449,"Info","Arena",7,"Exit_Zone",3
2008.449,"Info","Arena",7,"Enter_Zone",4
2008.683,"Info","Arena",7,"Exit_Zone",4
2008.683,"Info","Arena",7,"Enter_Zone",3
2008.719,"Info","Arena",7,"Exit_Zone",3
2008.719,"Info","Arena",7,"Enter_Zone",4
2009.083,"Info","Arena",7,"Exit_Zone",4
2009.083,"Info","Arena",7,"Enter_Zone",3
2009.416,"Info","Arena",7,"Exit_Zone",3
2009.416,"Info","Arena",7,"Enter_Zone",4
2009.649,"Info","Arena",7,"Exit_Zone",4
2009.649,"Info","Arena",7,"Enter_Zone",3
2009.682,"Info","Arena",7,"Exit_Zone",3
2009.682,"Info","Arena",7,"Enter_Zone",4
2009.718,"Info","Arena",7,"Exit_Zone",4
2009.718,"Info","Arena",7,"Enter_Zone",3
2009.749,"Info","Arena",7,"Exit_Zone",3
2009.749,"Info","Arena",7,"Enter_Zone",4
2009.949,"Info","Arena",7,"Exit_Zone",4
2009.949,"Info","Arena",7,"Enter_Zone",3
2009.982,"Info","Arena",7,"Exit_Zone",3
2009.982,"Info","Arena",7,"Enter_Zone",4
2010.016,"Info","Arena",7,"Exit_Zone",4
2010.016,"Info","Arena",7,"Enter_Zone",3
2010.051,"Info","Arena",7,"Exit_Zone",3
2010.051,"Info","Arena",7,"Enter_Zone",4
2010.082,"Info","Arena",7,"Exit_Zone",4
2010.082,"Info","Arena",7,"Enter_Zone",3
2010.182,"Info","Arena",7,"Exit_Zone",3
2010.182,"Info","Arena",7,"Enter_Zone",4
2010.316,"Info","Arena",7,"Exit_Zone",4
2010.316,"Info","Arena",7,"Enter_Zone",3
2011.016,"Info","Arena",7,"Exit_Zone",3
2011.016,"Info","Arena",7,"Enter_Zone",4
2011.051,"Info","Arena",7,"Exit_Zone",4
2011.051,"Info","Arena",7,"Enter_Zone",3
2011.115,"Info","Arena",7,"Exit_Zone",3
2011.115,"Info","Arena",7,"Enter_Zone",4
2011.149,"Info","Arena",7,"Exit_Zone",4
2011.149,"Info","Arena",7,"Enter_Zone",3
2011.282,"Info","Arena",7,"Exit_Zone",3
2011.282,"Info","Arena",7,"Enter_Zone",4
2011.315,"Info","Arena",7,"Exit_Zone",4
2011.315,"Info","Arena",7,"Enter_Zone",3
2011.349,"Info","Arena",7,"Exit_Zone",3
2011.349,"Info","Arena",7,"Enter_Zone",4
2011.415,"Info","Arena",7,"Exit_Zone",4
2011.415,"Info","Arena",7,"Enter_Zone",3
2011.449,"Info","Arena",7,"Exit_Zone",3
2011.449,"Info","Arena",7,"Enter_Zone",4
2014.115,"Info","Arena",1,"Exit_Zone",4
2014.115,"Info","Arena",1,"Enter_Zone",2
2014.115,"Info","Arena",6,"Exit_Zone",4
2014.115,"Info","Arena",6,"Enter_Zone",3
2023.280,"Info","Arena",12,"Exit_Zone",1
2023.280,"Info","Arena",12,"Enter_Zone",4
2023.780,"Info","Arena",6,"Exit_Zone",3
2023.780,"Info","Arena",6,"Enter_Zone",4
2025.113,"Info","Arena",7,"Exit_Zone",4
2025.113,"Info","Arena",7,"Enter_Zone",1
2027.446,"Info","Arena",6,"Exit_Zone",4
2027.446,"Info","Arena",6,"Enter_Zone",2
2028.579,"Info","Arena",12,"Exit_Zone",4
2028.579,"Info","Arena",12,"Enter_Zone",2
2034.777,"Info","Arena",6,"Exit_Zone",2
2034.777,"Info","Arena",6,"Enter_Zone",4
2035.311,"Info","Arena",7,"Exit_Zone",1
2035.311,"Info","Arena",7,"Enter_Zone",4
2036.744,"Info","Arena",6,"Exit_Zone",4
2036.744,"Info","Arena",6,"Enter_Zone",1
2038.110,"Info","Arena",7,"Exit_Zone",4
2038.110,"Info","Arena",7,"Enter_Zone",2
2040.410,"Info","Arena",6,"Exit_Zone",1
2040.410,"Info","Arena",6,"Enter_Zone",4
2042.878,"Info","Arena",6,"Exit_Zone",4
2042.878,"Info","Arena",6,"Enter_Zone",2
2044.843,"Info","Arena",7,"Exit_Zone",2
2044.843,"Info","Arena",7,"Enter_Zone",4
2045.711,"Info","Arena",8,"Exit_Zone",1
2045.711,"Info","Arena",8,"Enter_Zone",4
2048.108,"Info","Arena",6,"Exit_Zone",2
2048.108,"Info","Arena",6,"Enter_Zone",4
2049.808,"Info","Arena",6,"Exit_Zone",4
2049.808,"Info","Arena",6,"Enter_Zone",1
2052.341,"Info","Arena",8,"Exit_Zone",4
2052.341,"Info","Arena",8,"Enter_Zone",3
2053.574,"Info","Arena",9,"Exit_Zone",4
2053.574,"Info","Arena",9,"Enter_Zone",1
2054.307,"Info","Arena",6,"Exit_Zone",1
2054.307,"Info","Arena",6,"Enter_Zone",4
2061.072,"Info","Arena",7,"Exit_Zone",4
2061.072,"Info","Arena",7,"Enter_Zone",3
2061.207,"Info","Arena",8,"Exit_Zone",3
2061.207,"Info","Arena",8,"Enter_Zone",4
2062.839,"Info","Arena",12,"Exit_Zone",2
2062.839,"Info","Arena",12,"Enter_Zone",4
2064.305,"Info","Arena",6,"Exit_Zone",4
2064.305,"Info","Arena",6,"Enter_Zone",3
2067.706,"Info","Arena",12,"Exit_Zone",4
2067.706,"Info","Arena",12,"Enter_Zone",3
2067.837,"Info","Arena",8,"Exit_Zone",4
2067.837,"Info","Arena",8,"Enter_Zone",1
2073.236,"Info","Arena",2,"Exit_Zone",3
2073.236,"Info","Arena",2,"Enter_Zone",4
2073.276,"Info","Arena",2,"Exit_Zone",4
2073.276,"Info","Arena",2,"Enter_Zone",3
2073.303,"Info","Arena",2,"Exit_Zone",3
2073.303,"Info","Arena",2,"Enter_Zone",4
2075.569,"Info","Arena",6,"Exit_Zone",3
2075.569,"Info","Arena",6,"Enter_Zone",4
2076.469,"Info","Arena",7,"Exit_Zone",3
2076.469,"Info","Arena",7,"Enter_Zone",4
2077.371,"Info","Arena",6,"Exit_Zone",4
2077.371,"Info","Arena",6,"Enter_Zone",2
2078.204,"Info","Arena",7,"Exit_Zone",4
2078.204,"Info","Arena",7,"Enter_Zone",1
2078.902,"Info","Arena",2,"Exit_Zone",4
2078.902,"Info","Arena",2,"Enter_Zone",2
2081.302,"Info","Arena",6,"Exit_Zone",2
2081.302,"Info","Arena",6,"Enter_Zone",4
2084.036,"Info","Arena",6,"Exit_Zone",4
2084.036,"Info","Arena",6,"Enter_Zone",1
2087.767,"Info","Arena",6,"Exit_Zone",1
2087.767,"Info","Arena",6,"Enter_Zone",4
2088.202,"Info","Arena",7,"Exit_Zone",1
2088.202,"Info","Arena",7,"Enter_Zone",4
2089.702,"Info","Arena",6,"Exit_Zone",4
2089.702,"Info","Arena",6,"Enter_Zone",2
2090.868,"Info","Arena",7,"Exit_Zone",4
2090.868,"Info","Arena",7,"Enter_Zone",2
2095.665,"Info","Arena",8,"Exit_Zone",1
2095.665,"Info","Arena",8,"Enter_Zone",4
2098.331,"Info","Arena",8,"Exit_Zone",4
2098.331,"Info","Arena",8,"Enter_Zone",2
2103.097,"Info","Arena",6,"Exit_Zone",2
2103.097,"Info","Arena",6,"Enter_Zone",4
2103.730,"Info","Arena",7,"Exit_Zone",2
2103.730,"Info","Arena",7,"Enter_Zone",4
2104.199,"Info","Arena",2,"Exit_Zone",2
2104.199,"Info","Arena",2,"Enter_Zone",4
2105.563,"Info","Arena",6,"Exit_Zone",4
2105.563,"Info","Arena",6,"Enter_Zone",3
2107.698,"Info","Arena",8,"Exit_Zone",2
2107.698,"Info","Arena",8,"Enter_Zone",4
2107.963,"Info","Arena",2,"Exit_Zone",4
2107.963,"Info","Arena",2,"Enter_Zone",1
2108.929,"Info","Arena",6,"Exit_Zone",3
2108.929,"Info","Arena",6,"Enter_Zone",4
2111.096,"Info","Arena",6,"Exit_Zone",4
2111.096,"Info","Arena",6,"Enter_Zone",1
2116.761,"Info","Arena",7,"Exit_Zone",4
2116.761,"Info","Arena",7,"Enter_Zone",3
2118.561,"Info","Arena",8,"Exit_Zone",4
2118.561,"Info","Arena",8,"Enter_Zone",3
2125.426,"Info","Arena",6,"Exit_Zone",1
2125.426,"Info","Arena",6,"Enter_Zone",4
2126.993,"Info","Arena",6,"Exit_Zone",4
2126.993,"Info","Arena",6,"Enter_Zone",3
2128.226,"Info","Arena",7,"Exit_Zone",3
2128.226,"Info","Arena",7,"Enter_Zone",4
2132.591,"Info","Arena",7,"Exit_Zone",4
2132.591,"Info","Arena",7,"Enter_Zone",1
2134.424,"Info","Arena",6,"Exit_Zone",3
2134.424,"Info","Arena",6,"Enter_Zone",4
2136.959,"Info","Arena",6,"Exit_Zone",4
2136.959,"Info","Arena",6,"Enter_Zone",2
2139.757,"Info","Arena",1,"Exit_Zone",2
2139.757,"Info","Arena",1,"Enter_Zone",4
2144.122,"Info","Arena",6,"Exit_Zone",2
2144.122,"Info","Arena",6,"Enter_Zone",4
2144.822,"Info","Arena",7,"Exit_Zone",1
2144.822,"Info","Arena",7,"Enter_Zone",4
2147.055,"Info","Arena",6,"Exit_Zone",4
2147.055,"Info","Arena",6,"Enter_Zone",3
2149.488,"Info","Arena",8,"Exit_Zone",3
2149.488,"Info","Arena",8,"Enter_Zone",4
2150.221,"Info","Arena",1,"Exit_Zone",4
2150.221,"Info","Arena",1,"Enter_Zone",3
2150.690,"Info","Arena",7,"Exit_Zone",4
2150.690,"Info","Arena",7,"Enter_Zone",2
2152.221,"Info","Arena",8,"Exit_Zone",4
2152.221,"Info","Arena",8,"Enter_Zone",1
2152.689,"Info","Arena",6,"Exit_Zone",3
2152.689,"Info","Arena",6,"Enter_Zone",4
2155.189,"Info","Arena",6,"Exit_Zone",4
2155.189,"Info","Arena",6,"Enter_Zone",2
2159.753,"Info","Arena",12,"Exit_Zone",3
2159.753,"Info","Arena",12,"Enter_Zone",4
2159.786,"Info","Arena",12,"Exit_Zone",4
2159.786,"Info","Arena",12,"Enter_Zone",3
2159.819,"Info","Arena",12,"Exit_Zone",3
2159.819,"Info","Arena",12,"Enter_Zone",4
2160.619,"Info","Arena",8,"Exit_Zone",1
2160.619,"Info","Arena",8,"Enter_Zone",4
2160.952,"Info","Arena",7,"Exit_Zone",2
2160.952,"Info","Arena",7,"Enter_Zone",4
2162.385,"Info","Arena",6,"Exit_Zone",2
2162.385,"Info","Arena",6,"Enter_Zone",4
2164.152,"Info","Arena",8,"Exit_Zone",4
2164.152,"Info","Arena",8,"Enter_Zone",2
2164.252,"Info","Arena",6,"Exit_Zone",4
2164.252,"Info","Arena",6,"Enter_Zone",1
2164.718,"Info","Arena",7,"Exit_Zone",4
2164.718,"Info","Arena",7,"Enter_Zone",3
2164.918,"Info","Arena",12,"Exit_Zone",4
2164.918,"Info","Arena",12,"Enter_Zone",3
2165.520,"Info","Arena",12,"Exit_Zone",3
2165.520,"Info","Arena",12,"Enter_Zone",4
2165.551,"Info","Arena",12,"Exit_Zone",4
2165.551,"Info","Arena",12,"Enter_Zone",3
2165.687,"Info","Arena",12,"Exit_Zone",3
2165.687,"Info","Arena",12,"Enter_Zone",4
2165.718,"Info","Arena",12,"Exit_Zone",4
2165.718,"Info","Arena",12,"Enter_Zone",3
2165.751,"Info","Arena",12,"Exit_Zone",3
2165.751,"Info","Arena",12,"Enter_Zone",4
2166.251,"Info","Arena",2,"Exit_Zone",1
2166.251,"Info","Arena",2,"Enter_Zone",4
2169.186,"Info","Arena",2,"Exit_Zone",4
2169.186,"Info","Arena",2,"Enter_Zone",2
2169.551,"Info","Arena",1,"Exit_Zone",3
2169.551,"Info","Arena",1,"Enter_Zone",4
2171.019,"Info","Arena",12,"Exit_Zone",4
2171.019,"Info","Arena",12,"Enter_Zone",2
2173.716,"Info","Arena",7,"Exit_Zone",3
2173.716,"Info","Arena",7,"Enter_Zone",4
2173.852,"Info","Arena",7,"Exit_Zone",4
2173.852,"Info","Arena",7,"Enter_Zone",3
2173.950,"Info","Arena",7,"Exit_Zone",3
2173.950,"Info","Arena",7,"Enter_Zone",4
2176.649,"Info","Arena",1,"Exit_Zone",4
2176.649,"Info","Arena",1,"Enter_Zone",1
2176.716,"Info","Arena",7,"Exit_Zone",4
2176.716,"Info","Arena",7,"Enter_Zone",1
2176.951,"Info","Arena",12,"Exit_Zone",2
2176.951,"Info","Arena",12,"Enter_Zone",4
2180.548,"Info","Arena",12,"Exit_Zone",4
2180.548,"Info","Arena",12,"Enter_Zone",1
2184.748,"Info","Arena",8,"Exit_Zone",2
2184.748,"Info","Arena",8,"Enter_Zone",4
2187.247,"Info","Arena",6,"Exit_Zone",1
2187.247,"Info","Arena",6,"Enter_Zone",4
2187.447,"Info","Arena",12,"Exit_Zone",1
2187.447,"Info","Arena",12,"Enter_Zone",4
2189.147,"Info","Arena",12,"Exit_Zone",4
2189.147,"Info","Arena",12,"Enter_Zone",3
2190.015,"Info","Arena",6,"Exit_Zone",4
2190.015,"Info","Arena",6,"Enter_Zone",3
2191.981,"Info","Arena",7,"Exit_Zone",1
2191.981,"Info","Arena",7,"Enter_Zone",4
2194.479,"Info","Arena",7,"Exit_Zone",4
2194.479,"Info","Arena",7,"Enter_Zone",2
2196.412,"Info","Arena",12,"Exit_Zone",3
2196.412,"Info","Arena",12,"Enter_Zone",4
2198.478,"Info","Arena",12,"Exit_Zone",4
2198.478,"Info","Arena",12,"Enter_Zone",2
2198.847,"Info","Arena",6,"Exit_Zone",3
2198.847,"Info","Arena",6,"Enter_Zone",4
2202.679,"Info","Arena",7,"Exit_Zone",2
2202.679,"Info","Arena",7,"Enter_Zone",4
2203.346,"Info","Arena",6,"Exit_Zone",4
2203.346,"Info","Arena",6,"Enter_Zone",1
2205.477,"Info","Arena",8,"Exit_Zone",4
2205.477,"Info","Arena",8,"Enter_Zone",3
2209.243,"Info","Arena",12,"Exit_Zone",2
2209.243,"Info","Arena",12,"Enter_Zone",4
2210.344,"Info","Arena",6,"Exit_Zone",1
2210.344,"Info","Arena",6,"Enter_Zone",4
2212.742,"Info","Arena",6,"Exit_Zone",4
2212.742,"Info","Arena",6,"Enter_Zone",2
2214.042,"Info","Arena",12,"Exit_Zone",4
2214.042,"Info","Arena",12,"Enter_Zone",1
2214.177,"Info","Arena",8,"Exit_Zone",3
2214.177,"Info","Arena",8,"Enter_Zone",4
2218.141,"Info","Arena",8,"Exit_Zone",4
2218.141,"Info","Arena",8,"Enter_Zone",1
2219.241,"Info","Arena",6,"Exit_Zone",2
2219.241,"Info","Arena",6,"Enter_Zone",4
2220.807,"Info","Arena",7,"Exit_Zone",4
2220.807,"Info","Arena",7,"Enter_Zone",1
2221.074,"Info","Arena",12,"Exit_Zone",1
2221.074,"Info","Arena",12,"Enter_Zone",4
2221.574,"Info","Arena",6,"Exit_Zone",4
2221.574,"Info","Arena",6,"Enter_Zone",1
2223.540,"Info","Arena",12,"Exit_Zone",4
2223.540,"Info","Arena",12,"Enter_Zone",3
2233.173,"Info","Arena",6,"Exit_Zone",1
2233.173,"Info","Arena",6,"Enter_Zone",4
2234.404,"Info","Arena",5,"Exit_Zone",2
2234.404,"Info","Arena",5,"Enter_Zone",3
2239.276,"Info","Arena",6,"Exit_Zone",4
2239.276,"Info","Arena",6,"Enter_Zone",3
2248.504,"Info","Arena",6,"Exit_Zone",3
2248.504,"Info","Arena",6,"Enter_Zone",4
2249.868,"Info","Arena",7,"Exit_Zone",1
2249.868,"Info","Arena",7,"Enter_Zone",4
2251.601,"Info","Arena",6,"Exit_Zone",4
2251.601,"Info","Arena",6,"Enter_Zone",1
2252.601,"Info","Arena",7,"Exit_Zone",4
2252.601,"Info","Arena",7,"Enter_Zone",2
2252.836,"Info","Arena",8,"Exit_Zone",1
2252.836,"Info","Arena",8,"Enter_Zone",4
2252.868,"Info","Arena",8,"Exit_Zone",4
2252.868,"Info","Arena",8,"Enter_Zone",1
2252.901,"Info","Arena",8,"Exit_Zone",1
2252.901,"Info","Arena",8,"Enter_Zone",4
2253.434,"Info","Arena",14,"Exit_Zone",3
2253.434,"Info","Arena",14,"Enter_Zone",4
2258.966,"Info","Arena",14,"Exit_Zone",4
2258.966,"Info","Arena",14,"Enter_Zone",2
2260.275,"Info","Arena",6,"Exit_Zone",1
2260.275,"Info","Arena",6,"Enter_Zone",4
2260.599,"Info","Arena",12,"Exit_Zone",3
2260.599,"Info","Arena",12,"Enter_Zone",4
2261.532,"Info","Arena",8,"Exit_Zone",4
2261.532,"Info","Arena",8,"Enter_Zone",3
2264.532,"Info","Arena",6,"Exit_Zone",4
2264.532,"Info","Arena",6,"Enter_Zone",2
2265.731,"Info","Arena",12,"Exit_Zone",4
2265.731,"Info","Arena",12,"Enter_Zone",2
2268.666,"Info","Arena",6,"Exit_Zone",2
2268.666,"Info","Arena",6,"Enter_Zone",4
2270.564,"Info","Arena",6,"Exit_Zone",4
2270.564,"Info","Arena",6,"Enter_Zone",1
2272.063,"Info","Arena",7,"Exit_Zone",2
2272.063,"Info","Arena",7,"Enter_Zone",4
2274.796,"Info","Arena",7,"Exit_Zone",4
2274.796,"Info","Arena",7,"Enter_Zone",3
2277.462,"Info","Arena",14,"Exit_Zone",2
2277.462,"Info","Arena",14,"Enter_Zone",4
2278.529,"Info","Arena",6,"Exit_Zone",1
2278.529,"Info","Arena",6,"Enter_Zone",4
2280.295,"Info","Arena",6,"Exit_Zone",4
2280.295,"Info","Arena",6,"Enter_Zone",3
2282.830,"Info","Arena",14,"Exit_Zone",4
2282.830,"Info","Arena",14,"Enter_Zone",3
2283.395,"Info","Arena",8,"Exit_Zone",3
2283.395,"Info","Arena",8,"Enter_Zone",4
2284.894,"Info","Arena",7,"Exit_Zone",3
2284.894,"Info","Arena",7,"Enter_Zone",4
2286.627,"Info","Arena",7,"Exit_Zone",4
2286.627,"Info","Arena",7,"Enter_Zone",1
2287.663,"Info","Arena",6,"Exit_Zone",3
2287.663,"Info","Arena",6,"Enter_Zone",4
2289.093,"Info","Arena",1,"Exit_Zone",1
2289.093,"Info","Arena",1,"Enter_Zone",4
2289.227,"Info","Arena",8,"Exit_Zone",4
2289.227,"Info","Arena",8,"Enter_Zone",1
2292.959,"Info","Arena",6,"Exit_Zone",4
2292.959,"Info","Arena",6,"Enter_Zone",1
2294.592,"Info","Arena",1,"Exit_Zone",4
2294.592,"Info","Arena",1,"Enter_Zone",3
2296.725,"Info","Arena",14,"Exit_Zone",3
2296.725,"Info","Arena",14,"Enter_Zone",4
2297.059,"Info","Arena",7,"Exit_Zone",1
2297.059,"Info","Arena",7,"Enter_Zone",4
2298.458,"Info","Arena",7,"Exit_Zone",4
2298.458,"Info","Arena",7,"Enter_Zone",2
2298.858,"Info","Arena",6,"Exit_Zone",1
2298.858,"Info","Arena",6,"Enter_Zone",4
2299.925,"Info","Arena",6,"Exit_Zone",4
2299.925,"Info","Arena",6,"Enter_Zone",3
2301.160,"Info","Arena",14,"Exit_Zone",4
2301.160,"Info","Arena",14,"Enter_Zone",1
2301.924,"Info","Arena",15,"Exit_Zone",3
2301.924,"Info","Arena",15,"Enter_Zone",2
2301.957,"Info","Arena",15,"Exit_Zone",2
2301.957,"Info","Arena",15,"Enter_Zone",3
2301.993,"Info","Arena",5,"Exit_Zone",3
2301.993,"Info","Arena",5,"Enter_Zone",2
2302.024,"Info","Arena",15,"Exit_Zone",3
2302.024,"Info","Arena",15,"Enter_Zone",4
2302.058,"Info","Arena",5,"Exit_Zone",2
2302.058,"Info","Arena",5,"Enter_Zone",3
2302.191,"Info","Arena",5,"Exit_Zone",3
2302.191,"Info","Arena",5,"Enter_Zone",2
2302.291,"Info","Arena",5,"Exit_Zone",2
2302.291,"Info","Arena",5,"Enter_Zone",3
2302.391,"Info","Arena",5,"Exit_Zone",3
2302.391,"Info","Arena",5,"Enter_Zone",2
2302.524,"Info","Arena",5,"Exit_Zone",2
2302.524,"Info","Arena",5,"Enter_Zone",3
2302.557,"Info","Arena",15,"Exit_Zone",4
2302.557,"Info","Arena",15,"Enter_Zone",2
2302.624,"Info","Arena",5,"Exit_Zone",3
2302.624,"Info","Arena",5,"Enter_Zone",4
2302.624,"Info","Arena",15,"Exit_Zone",2
2302.624,"Info","Arena",15,"Enter_Zone",4
2302.659,"Info","Arena",5,"Exit_Zone",4
2302.659,"Info","Arena",5,"Enter_Zone",3
2302.659,"Info","Arena",15,"Exit_Zone",4
2302.659,"Info","Arena",15,"Enter_Zone",3
2302.691,"Info","Arena",5,"Exit_Zone",3
2302.691,"Info","Arena",5,"Enter_Zone",2
2302.724,"Info","Arena",5,"Exit_Zone",2
2302.724,"Info","Arena",5,"Enter_Zone",3
2302.724,"Info","Arena",15,"Exit_Zone",3
2302.724,"Info","Arena",15,"Enter_Zone",4
2302.758,"Info","Arena",5,"Exit_Zone",3
2302.758,"Info","Arena",5,"Enter_Zone",2
2302.758,"Info","Arena",15,"Exit_Zone",4
2302.758,"Info","Arena",15,"Enter_Zone",3
2302.826,"Info","Arena",15,"Exit_Zone",3
2302.826,"Info","Arena",15,"Enter_Zone",4
2302.858,"Info","Arena",5,"Exit_Zone",2
2302.858,"Info","Arena",5,"Enter_Zone",3
2305.623,"Info","Arena",7,"Exit_Zone",2
2305.623,"Info","Arena",7,"Enter_Zone",4
2306.791,"Info","Arena",6,"Exit_Zone",3
2306.791,"Info","Arena",6,"Enter_Zone",4
2309.389,"Info","Arena",5,"Exit_Zone",3
2309.389,"Info","Arena",5,"Enter_Zone",2
2310.689,"Info","Arena",6,"Exit_Zone",4
2310.689,"Info","Arena",6,"Enter_Zone",1
2311.022,"Info","Arena",6,"Exit_Zone",1
2311.022,"Info","Arena",6,"Enter_Zone",4
2311.056,"Info","Arena",6,"Exit_Zone",4
2311.056,"Info","Arena",6,"Enter_Zone",1
2311.089,"Info","Arena",6,"Exit_Zone",1
2311.089,"Info","Arena",6,"Enter_Zone",4
2311.589,"Info","Arena",7,"Exit_Zone",4
2311.589,"Info","Arena",7,"Enter_Zone",3
2311.922,"Info","Arena",6,"Exit_Zone",4
2311.922,"Info","Arena",6,"Enter_Zone",1
2314.455,"Info","Arena",14,"Exit_Zone",1
2314.455,"Info","Arena",14,"Enter_Zone",4
2314.490,"Info","Arena",14,"Exit_Zone",4
2314.490,"Info","Arena",14,"Enter_Zone",1
2314.555,"Info","Arena",14,"Exit_Zone",1
2314.555,"Info","Arena",14,"Enter_Zone",4
2318.354,"Info","Arena",15,"Exit_Zone",4
2318.354,"Info","Arena",15,"Enter_Zone",2
2318.388,"Info","Arena",15,"Exit_Zone",2
2318.388,"Info","Arena",15,"Enter_Zone",4
2318.421,"Info","Arena",5,"Exit_Zone",2
2318.421,"Info","Arena",5,"Enter_Zone",3
2318.421,"Info","Arena",15,"Exit_Zone",4
2318.421,"Info","Arena",15,"Enter_Zone",3
2318.489,"Info","Arena",15,"Exit_Zone",3
2318.489,"Info","Arena",15,"Enter_Zone",4
2318.521,"Info","Arena",5,"Exit_Zone",3
2318.521,"Info","Arena",5,"Enter_Zone",2
2318.554,"Info","Arena",5,"Exit_Zone",2
2318.554,"Info","Arena",5,"Enter_Zone",3
2318.588,"Info","Arena",15,"Exit_Zone",4
2318.588,"Info","Arena",15,"Enter_Zone",2
2318.621,"Info","Arena",15,"Exit_Zone",2
2318.621,"Info","Arena",15,"Enter_Zone",4
2318.656,"Info","Arena",5,"Exit_Zone",3
2318.656,"Info","Arena",5,"Enter_Zone",2
2318.688,"Info","Arena",5,"Exit_Zone",2
2318.688,"Info","Arena",5,"Enter_Zone",3
2318.989,"Info","Arena",5,"Exit_Zone",3
2318.989,"Info","Arena",5,"Enter_Zone",2
2319.721,"Info","Arena",5,"Exit_Zone",2
2319.721,"Info","Arena",5,"Enter_Zone",3
2319.921,"Info","Arena",6,"Exit_Zone",1
2319.921,"Info","Arena",6,"Enter_Zone",4
2320.054,"Info","Arena",14,"Exit_Zone",4
2320.054,"Info","Arena",14,"Enter_Zone",3
2320.354,"Info","Arena",8,"Exit_Zone",1
2320.354,"Info","Arena",8,"Enter_Zone",4
2320.421,"Info","Arena",15,"Exit_Zone",4
2320.421,"Info","Arena",15,"Enter_Zone",1
2320.587,"Info","Arena",5,"Exit_Zone",3
2320.587,"Info","Arena",5,"Enter_Zone",2
2320.720,"Info","Arena",5,"Exit_Zone",2
2320.720,"Info","Arena",5,"Enter_Zone",3
2321.187,"Info","Arena",5,"Exit_Zone",3
2321.187,"Info","Arena",5,"Enter_Zone",2
2321.287,"Info","Arena",15,"Exit_Zone",1
2321.287,"Info","Arena",15,"Enter_Zone",3
2321.354,"Info","Arena",15,"Exit_Zone",3
2321.354,"Info","Arena",15,"Enter_Zone",4
2321.387,"Info","Arena",5,"Exit_Zone",2
2321.387,"Info","Arena",5,"Enter_Zone",3
2321.920,"Info","Arena",5,"Exit_Zone",3
2321.920,"Info","Arena",5,"Enter_Zone",4
2321.954,"Info","Arena",15,"Exit_Zone",4
2321.954,"Info","Arena",15,"Enter_Zone",1
2321.989,"Info","Arena",5,"Exit_Zone",4
2321.989,"Info","Arena",5,"Enter_Zone",2
2322.220,"Info","Arena",5,"Exit_Zone",2
2322.220,"Info","Arena",5,"Enter_Zone",3
2322.322,"Info","Arena",5,"Exit_Zone",3
2322.322,"Info","Arena",5,"Enter_Zone",2
2322.387,"Info","Arena",5,"Exit_Zone",2
2322.387,"Info","Arena",5,"Enter_Zone",3
2322.420,"Info","Arena",15,"Exit_Zone",1
2322.420,"Info","Arena",15,"Enter_Zone",4
2322.687,"Info","Arena",6,"Exit_Zone",4
2322.687,"Info","Arena",6,"Enter_Zone",2
2322.720,"Info","Arena",5,"Exit_Zone",3
2322.720,"Info","Arena",5,"Enter_Zone",2
2322.787,"Info","Arena",5,"Exit_Zone",2
2322.787,"Info","Arena",5,"Enter_Zone",3
2322.853,"Info","Arena",5,"Exit_Zone",3
2322.853,"Info","Arena",5,"Enter_Zone",2
2322.887,"Info","Arena",5,"Exit_Zone",2
2322.887,"Info","Arena",5,"Enter_Zone",3
2322.887,"Info","Arena",15,"Exit_Zone",4
2322.887,"Info","Arena",15,"Enter_Zone",1
2322.953,"Info","Arena",8,"Exit_Zone",4
2322.953,"Info","Arena",8,"Enter_Zone",2
2323.587,"Info","Arena",5,"Exit_Zone",3
2323.587,"Info","Arena",5,"Enter_Zone",2
2323.720,"Info","Arena",5,"Exit_Zone",2
2323.720,"Info","Arena",5,"Enter_Zone",3
2325.786,"Info","Arena",7,"Exit_Zone",3
2325.786,"Info","Arena",7,"Enter_Zone",4
2326.586,"Info","Arena",5,"Exit_Zone",3
2326.586,"Info","Arena",5,"Enter_Zone",2
2326.619,"Info","Arena",15,"Exit_Zone",1
2326.619,"Info","Arena",15,"Enter_Zone",3
2326.719,"Info","Arena",5,"Exit_Zone",2
2326.719,"Info","Arena",5,"Enter_Zone",3
2326.786,"Info","Arena",5,"Exit_Zone",3
2326.786,"Info","Arena",5,"Enter_Zone",2
2326.919,"Info","Arena",15,"Exit_Zone",3
2326.919,"Info","Arena",15,"Enter_Zone",4
2327.019,"Info","Arena",15,"Exit_Zone",4
2327.019,"Info","Arena",15,"Enter_Zone",3
2327.086,"Info","Arena",15,"Exit_Zone",3
2327.086,"Info","Arena",15,"Enter_Zone",4
2327.119,"Info","Arena",5,"Exit_Zone",2
2327.119,"Info","Arena",5,"Enter_Zone",3
2327.186,"Info","Arena",5,"Exit_Zone",3
2327.186,"Info","Arena",5,"Enter_Zone",2
2327.286,"Info","Arena",15,"Exit_Zone",4
2327.286,"Info","Arena",15,"Enter_Zone",1
2327.386,"Info","Arena",5,"Exit_Zone",2
2327.386,"Info","Arena",5,"Enter_Zone",3
2327.686,"Info","Arena",15,"Exit_Zone",1
2327.686,"Info","Arena",15,"Enter_Zone",4
2327.821,"Info","Arena",15,"Exit_Zone",4
2327.821,"Info","Arena",15,"Enter_Zone",3
2328.052,"Info","Arena",5,"Exit_Zone",3
2328.052,"Info","Arena",5,"Enter_Zone",1
2328.086,"Info","Arena",5,"Exit_Zone",1
2328.086,"Info","Arena",5,"Enter_Zone",3
2328.086,"Info","Arena",15,"Exit_Zone",3
2328.086,"Info","Arena",15,"Enter_Zone",4
2328.154,"Info","Arena",15,"Exit_Zone",4
2328.154,"Info","Arena",15,"Enter_Zone",3
2328.286,"Info","Arena",15,"Exit_Zone",3
2328.286,"Info","Arena",15,"Enter_Zone",4
2328.321,"Info","Arena",5,"Exit_Zone",3
2328.321,"Info","Arena",5,"Enter_Zone",4
2328.386,"Info","Arena",5,"Exit_Zone",4
2328.386,"Info","Arena",5,"Enter_Zone",2
2328.419,"Info","Arena",15,"Exit_Zone",4
2328.419,"Info","Arena",15,"Enter_Zone",1
2328.452,"Info","Arena",5,"Exit_Zone",2
2328.452,"Info","Arena",5,"Enter_Zone",3
2328.488,"Info","Arena",15,"Exit_Zone",1
2328.488,"Info","Arena",15,"Enter_Zone",4
2328.519,"Info","Arena",15,"Exit_Zone",4
2328.519,"Info","Arena",15,"Enter_Zone",3
2328.619,"Info","Arena",15,"Exit_Zone",3
2328.619,"Info","Arena",15,"Enter_Zone",4
2328.654,"Info","Arena",5,"Exit_Zone",3
2328.654,"Info","Arena",5,"Enter_Zone",2
2328.686,"Info","Arena",5,"Exit_Zone",2
2328.686,"Info","Arena",5,"Enter_Zone",3
2328.719,"Info","Arena",5,"Exit_Zone",3
2328.719,"Info","Arena",5,"Enter_Zone",2
2328.752,"Info","Arena",15,"Exit_Zone",4
2328.752,"Info","Arena",15,"Enter_Zone",3
2328.786,"Info","Arena",5,"Exit_Zone",2
2328.786,"Info","Arena",5,"Enter_Zone",3
2328.852,"Info","Arena",5,"Exit_Zone",3
2328.852,"Info","Arena",5,"Enter_Zone",2
2328.885,"Info","Arena",15,"Exit_Zone",3
2328.885,"Info","Arena",15,"Enter_Zone",4
2328.919,"Info","Arena",5,"Exit_Zone",2
2328.919,"Info","Arena",5,"Enter_Zone",3
2328.952,"Info","Arena",15,"Exit_Zone",4
2328.952,"Info","Arena",15,"Enter_Zone",1
2329.019,"Info","Arena",15,"Exit_Zone",1
2329.019,"Info","Arena",15,"Enter_Zone",3
2329.119,"Info","Arena",5,"Exit_Zone",3
2329.119,"Info","Arena",5,"Enter_Zone",2
2329.185,"Info","Arena",5,"Exit_Zone",2
2329.185,"Info","Arena",5,"Enter_Zone",3
2329.285,"Info","Arena",6,"Exit_Zone",2
2329.285,"Info","Arena",6,"Enter_Zone",4
2329.285,"Info","Arena",15,"Exit_Zone",3
2329.285,"Info","Arena",15,"Enter_Zone",4
2329.452,"Info","Arena",5,"Exit_Zone",3
2329.452,"Info","Arena",5,"Enter_Zone",2
2329.685,"Info","Arena",15,"Exit_Zone",4
2329.685,"Info","Arena",15,"Enter_Zone",1
2329.719,"Info","Arena",5,"Exit_Zone",2
2329.719,"Info","Arena",5,"Enter_Zone",4
2329.785,"Info","Arena",5,"Exit_Zone",4
2329.785,"Info","Arena",5,"Enter_Zone",1
2329.785,"Info","Arena",15,"Exit_Zone",1
2329.785,"Info","Arena",15,"Enter_Zone",3
2329.852,"Info","Arena",5,"Exit_Zone",1
2329.852,"Info","Arena",5,"Enter_Zone",2
2330.186,"Info","Arena",5,"Exit_Zone",2
2330.186,"Info","Arena",5,"Enter_Zone",3
2330.219,"Info","Arena",15,"Exit_Zone",3
2330.219,"Info","Arena",15,"Enter_Zone",4
2330.252,"Info","Arena",5,"Exit_Zone",3
2330.252,"Info","Arena",5,"Enter_Zone",2
2330.285,"Info","Arena",15,"Exit_Zone",4
2330.285,"Info","Arena",15,"Enter_Zone",3
2330.321,"Info","Arena",5,"Exit_Zone",2
2330.321,"Info","Arena",5,"Enter_Zone",3
2330.352,"Info","Arena",15,"Exit_Zone",3
2330.352,"Info","Arena",15,"Enter_Zone",1
2330.385,"Info","Arena",5,"Exit_Zone",3
2330.385,"Info","Arena",5,"Enter_Zone",2
2330.419,"Info","Arena",15,"Exit_Zone",1
2330.419,"Info","Arena",15,"Enter_Zone",3
2330.452,"Info","Arena",5,"Exit_Zone",2
2330.452,"Info","Arena",5,"Enter_Zone",3
2330.519,"Info","Arena",5,"Exit_Zone",3
2330.519,"Info","Arena",5,"Enter_Zone",2
2330.585,"Info","Arena",5,"Exit_Zone",2
2330.585,"Info","Arena",5,"Enter_Zone",3
2331.285,"Info","Arena",15,"Exit_Zone",3
2331.285,"Info","Arena",15,"Enter_Zone",4
2331.654,"Info","Arena",5,"Exit_Zone",3
2331.654,"Info","Arena",5,"Enter_Zone",2
2331.685,"Info","Arena",14,"Exit_Zone",3
2331.685,"Info","Arena",14,"Enter_Zone",4
2331.718,"Info","Arena",5,"Exit_Zone",2
2331.718,"Info","Arena",5,"Enter_Zone",4
2331.987,"Info","Arena",5,"Exit_Zone",4
2331.987,"Info","Arena",5,"Enter_Zone",3
2332.218,"Info","Arena",6,"Exit_Zone",4
2332.218,"Info","Arena",6,"Enter_Zone",1
2332.385,"Info","Arena",5,"Exit_Zone",3
2332.385,"Info","Arena",5,"Enter_Zone",2
2332.518,"Info","Arena",5,"Exit_Zone",2
2332.518,"Info","Arena",5,"Enter_Zone",3
2332.585,"Info","Arena",5,"Exit_Zone",3
2332.585,"Info","Arena",5,"Enter_Zone",2
2332.653,"Info","Arena",5,"Exit_Zone",2
2332.653,"Info","Arena",5,"Enter_Zone",3
2332.718,"Info","Arena",5,"Exit_Zone",3
2332.718,"Info","Arena",5,"Enter_Zone",2
2332.885,"Info","Arena",15,"Exit_Zone",4
2332.885,"Info","Arena",15,"Enter_Zone",1
2333.052,"Info","Arena",5,"Exit_Zone",2
2333.052,"Info","Arena",5,"Enter_Zone",3
2333.185,"Info","Arena",5,"Exit_Zone",3
2333.185,"Info","Arena",5,"Enter_Zone",2
2334.684,"Info","Arena",14,"Exit_Zone",4
2334.684,"Info","Arena",14,"Enter_Zone",1
2337.750,"Info","Arena",8,"Exit_Zone",2
2337.750,"Info","Arena",8,"Enter_Zone",4
2341.250,"Info","Arena",8,"Exit_Zone",4
2341.250,"Info","Arena",8,"Enter_Zone",3
2346.115,"Info","Arena",6,"Exit_Zone",1
2346.115,"Info","Arena",6,"Enter_Zone",4
2350.948,"Info","Arena",6,"Exit_Zone",4
2350.948,"Info","Arena",6,"Enter_Zone",3
2355.315,"Info","Arena",8,"Exit_Zone",3
2355.315,"Info","Arena",8,"Enter_Zone",4
2361.346,"Info","Arena",6,"Exit_Zone",3
2361.346,"Info","Arena",6,"Enter_Zone",4
2363.579,"Info","Arena",8,"Exit_Zone",4
2363.579,"Info","Arena",8,"Enter_Zone",1
2366.745,"Info","Arena",7,"Exit_Zone",4
2366.745,"Info","Arena",7,"Enter_Zone",1
2367.778,"Info","Arena",6,"Exit_Zone",4
2367.778,"Info","Arena",6,"Enter_Zone",2
2369.611,"Info","Arena",14,"Exit_Zone",1
2369.611,"Info","Arena",14,"Enter_Zone",4
2373.843,"Info","Arena",14,"Exit_Zone",4
2373.843,"Info","Arena",14,"Enter_Zone",3
2375.610,"Info","Arena",8,"Exit_Zone",1
2375.610,"Info","Arena",8,"Enter_Zone",4
2375.645,"Info","Arena",8,"Exit_Zone",4
2375.645,"Info","Arena",8,"Enter_Zone",1
2375.676,"Info","Arena",8,"Exit_Zone",1
2375.676,"Info","Arena",8,"Enter_Zone",4
2375.709,"Info","Arena",8,"Exit_Zone",4
2375.709,"Info","Arena",8,"Enter_Zone",1
2375.811,"Info","Arena",8,"Exit_Zone",1
2375.811,"Info","Arena",8,"Enter_Zone",4
2376.243,"Info","Arena",6,"Exit_Zone",2
2376.243,"Info","Arena",6,"Enter_Zone",4
2380.442,"Info","Arena",6,"Exit_Zone",4
2380.442,"Info","Arena",6,"Enter_Zone",3
2382.175,"Info","Arena",7,"Exit_Zone",1
2382.175,"Info","Arena",7,"Enter_Zone",4
2383.208,"Info","Arena",14,"Exit_Zone",3
2383.208,"Info","Arena",14,"Enter_Zone",4
2385.276,"Info","Arena",7,"Exit_Zone",4
2385.276,"Info","Arena",7,"Enter_Zone",3
2386.707,"Info","Arena",14,"Exit_Zone",4
2386.707,"Info","Arena",14,"Enter_Zone",1
2390.407,"Info","Arena",6,"Exit_Zone",3
2390.407,"Info","Arena",6,"Enter_Zone",4
2394.172,"Info","Arena",6,"Exit_Zone",4
2394.172,"Info","Arena",6,"Enter_Zone",2
2397.372,"Info","Arena",14,"Exit_Zone",1
2397.372,"Info","Arena",14,"Enter_Zone",4
2401.474,"Info","Arena",6,"Exit_Zone",2
2401.474,"Info","Arena",6,"Enter_Zone",4
""
"","","","","A1_ZONE1","A1_ZONE2","A1_ZONE3","A2_ZONE1","A2_ZONE2","A2_ZONE3","A3_ZONE1","A3_ZONE2","A3_ZONE3","A4_ZONE1","A4_ZONE2","A4_ZONE3","A5_ZONE1","A5_ZONE2","A5_ZONE3","A6_ZONE1","A6_ZONE2","A6_ZONE3","A7_ZONE1","A7_ZONE2","A7_ZONE3","A8_ZONE1","A8_ZONE2","A8_ZONE3","A9_ZONE1","A9_ZONE2","A9_ZONE3","A10_ZONE1","A10_ZONE2","A10_ZONE3","A11_ZONE1","A11_ZONE2","A11_ZONE3","A12_ZONE1","A12_ZONE2","A12_ZONE3","A13_ZONE1","A13_ZONE2","A13_ZONE3","A14_ZONE1","A14_ZONE2","A14_ZONE3","A15_ZONE1","A15_ZONE2","A15_ZONE3"
2402.361,"","","TOTAL_ZONE_DISTANCES",44.6,16.5,36.7,49.5,36.5,25.8,0.0,0.0,16.7,4.2,9.3,25.3,37.2,672.9,1064.2,965.5,578.3,849.6,327.5,284.5,320.1,139.1,61.1,92.4,10.7,0.0,0.0,21.4,33.2,17.0,0.0,0.0,0.0,77.1,149.1,239.9,0.0,0.0,7.4,83.2,44.8,65.3,213.5,73.4,130.8
2402.363,"","","TOTAL_ZONE_COUNTS",3,2,3,2,3,2,0,0,2,1,1,2,2,39,40,62,43,63,30,21,72,11,10,10,1,0,0,2,2,1,25,0,0,7,18,18,0,0,1,7,3,6,12,5,17
2402.364,"","","TOTAL_ZONE_TIMERS",129.736,1066.820,135.590,1341.965,266.863,169.893,0.000,0.000,1798.491,678.431,29.558,1003.449,0.099,781.150,892.229,512.096,279.807,472.306,302.009,365.763,670.922,347.503,97.838,1175.440,348.779,0.000,0.000,1673.781,0.066,0.133,26.931,0.000,0.000,149.236,665.342,603.311,0.000,0.000,1800.988,198.690,53.624,1473.401,75.503,0.235,1576.146
2402.365,"Info","2001-04-16 01:29:42","Service 'E_ymaze_droso' : Execution end (frame times: avg 32ms, max 45ms)"
